/*--------------------------------*- C++ -*----------------------------------*\
| =========                 |                                                 |
| \\      /  F ield         | OpenFOAM: The Open Source CFD Toolbox           |
|  \\    /   O peration     | Version:  2412                                  |
|   \\  /    A nd           | Website:  www.openfoam.com                      |
|    \\/     M anipulation  |                                                 |
\*---------------------------------------------------------------------------*/
FoamFile
{
    version     2.0;
    format      ascii;
    arch        "LSB;label=32;scalar=64";
    note        "nPoints:7344  nCells:3570  nFaces:14382  nInternalFaces:7038";
    class       labelList;
    location    "constant/polyMesh";
    object      neighbour;
}
// * * * * * * * * * * * * * * * * * * * * * * * * * * * * * * * * * * * * * //


7038
(
1
35
525
2
36
526
3
37
527
4
38
528
5
39
529
6
40
530
7
41
531
8
42
532
9
43
533
10
44
534
11
45
535
12
46
536
13
47
537
14
48
538
15
49
539
16
50
540
17
51
541
18
52
542
19
53
543
20
54
544
21
55
545
22
56
546
23
57
547
24
58
548
25
59
549
26
60
550
27
61
551
28
62
552
29
63
553
30
64
554
31
65
555
32
66
556
33
67
557
34
68
558
69
559
36
70
37
71
38
72
39
73
40
74
41
75
42
76
43
77
44
78
45
79
46
80
47
81
48
82
49
83
50
84
51
85
52
86
53
87
54
88
55
89
56
90
57
91
58
92
59
93
60
94
61
95
62
96
63
97
64
98
65
99
66
100
67
101
68
102
69
103
104
71
105
72
106
73
107
74
108
75
109
76
110
77
111
78
112
79
113
80
114
81
115
82
116
83
117
84
118
85
119
86
120
87
121
88
122
89
123
90
124
91
125
92
126
93
127
94
128
95
129
96
130
97
131
98
132
99
133
100
134
101
135
102
136
103
137
104
138
139
106
140
107
141
108
142
109
143
110
144
111
145
112
146
113
147
114
148
115
149
116
150
117
151
118
152
119
153
120
154
121
155
122
156
123
157
124
158
125
159
126
160
127
161
128
162
129
163
130
164
131
165
132
166
133
167
134
168
135
169
136
170
137
171
138
172
139
173
174
141
175
142
176
143
177
144
178
145
179
146
180
147
181
148
182
149
183
150
184
151
185
152
186
153
187
154
188
155
189
156
190
157
191
158
192
159
193
160
194
161
195
162
196
163
197
164
198
165
199
166
200
167
201
168
202
169
203
170
204
171
205
172
206
173
207
174
208
209
176
210
177
211
178
212
179
213
180
214
181
215
182
216
183
217
184
218
185
219
186
220
187
221
188
222
189
223
190
224
191
225
192
226
193
227
194
228
195
229
196
230
197
231
198
232
199
233
200
234
201
235
202
236
203
237
204
238
205
239
206
240
207
241
208
242
209
243
244
211
245
212
246
213
247
214
248
215
249
216
250
217
251
218
252
219
253
220
254
221
255
222
256
223
257
224
258
225
259
226
260
227
261
228
262
229
263
230
264
231
265
232
266
233
267
234
268
235
269
236
270
237
271
238
272
239
273
240
274
241
275
242
276
243
277
244
278
279
246
280
247
281
248
282
249
283
250
284
251
285
252
286
253
287
254
288
255
289
256
290
257
291
258
292
259
293
260
294
261
295
262
296
263
297
264
298
265
299
266
300
267
301
268
302
269
303
270
304
271
305
272
306
273
307
274
308
275
309
276
310
277
311
278
312
279
313
314
281
2065
282
2066
283
2067
284
2068
285
2069
286
2070
287
2071
288
2072
289
2073
290
2074
291
2075
292
2076
293
2077
294
2078
295
2079
296
2080
297
2081
298
2082
299
2083
300
2084
301
2085
302
2086
303
2087
304
2088
305
2089
306
2090
307
2091
308
2092
309
2093
310
2094
311
2095
312
2096
313
2097
314
2098
2099
316
350
560
317
351
561
318
352
562
319
353
563
320
354
564
321
355
565
322
356
566
323
357
567
324
358
568
325
359
569
326
360
570
327
361
571
328
362
572
329
363
573
330
364
574
331
365
575
332
366
576
333
367
577
334
368
578
335
369
579
336
370
580
337
371
581
338
372
582
339
373
583
340
374
584
341
375
585
342
376
586
343
377
587
344
378
588
345
379
589
346
380
590
347
381
591
348
382
592
349
383
593
384
594
351
385
352
386
353
387
354
388
355
389
356
390
357
391
358
392
359
393
360
394
361
395
362
396
363
397
364
398
365
399
366
400
367
401
368
402
369
403
370
404
371
405
372
406
373
407
374
408
375
409
376
410
377
411
378
412
379
413
380
414
381
415
382
416
383
417
384
418
419
386
420
387
421
388
422
389
423
390
424
391
425
392
426
393
427
394
428
395
429
396
430
397
431
398
432
399
433
400
434
401
435
402
436
403
437
404
438
405
439
406
440
407
441
408
442
409
443
410
444
411
445
412
446
413
447
414
448
415
449
416
450
417
451
418
452
419
453
454
421
455
422
456
423
457
424
458
425
459
426
460
427
461
428
462
429
463
430
464
431
465
432
466
433
467
434
468
435
469
436
470
437
471
438
472
439
473
440
474
441
475
442
476
443
477
444
478
445
479
446
480
447
481
448
482
449
483
450
484
451
485
452
486
453
487
454
488
489
456
490
457
491
458
492
459
493
460
494
461
495
462
496
463
497
464
498
465
499
466
500
467
501
468
502
469
503
470
504
471
505
472
506
473
507
474
508
475
509
476
510
477
511
478
512
479
513
480
514
481
515
482
516
483
517
484
518
485
519
486
520
487
521
488
522
489
523
524
491
525
492
526
493
527
494
528
495
529
496
530
497
531
498
532
499
533
500
534
501
535
502
536
503
537
504
538
505
539
506
540
507
541
508
542
509
543
510
544
511
545
512
546
513
547
514
548
515
549
516
550
517
551
518
552
519
553
520
554
521
555
522
556
523
557
524
558
559
526
527
528
529
530
531
532
533
534
535
536
537
538
539
540
541
542
543
544
545
546
547
548
549
550
551
552
553
554
555
556
557
558
559
561
595
2345
562
596
563
597
564
598
565
599
566
600
567
601
568
602
569
603
570
604
571
605
572
606
573
607
574
608
575
609
576
610
577
611
578
612
579
613
580
614
581
615
582
616
583
617
584
618
585
619
586
620
587
621
588
622
589
623
590
624
591
625
592
626
593
627
594
628
629
596
630
2380
597
631
598
632
599
633
600
634
601
635
602
636
603
637
604
638
605
639
606
640
607
641
608
642
609
643
610
644
611
645
612
646
613
647
614
648
615
649
616
650
617
651
618
652
619
653
620
654
621
655
622
656
623
657
624
658
625
659
626
660
627
661
628
662
629
663
664
631
665
2415
632
666
633
667
634
668
635
669
636
670
637
671
638
672
639
673
640
674
641
675
642
676
643
677
644
678
645
679
646
680
647
681
648
682
649
683
650
684
651
685
652
686
653
687
654
688
655
689
656
690
657
691
658
692
659
693
660
694
661
695
662
696
663
697
664
698
699
666
700
2450
667
701
668
702
669
703
670
704
671
705
672
706
673
707
674
708
675
709
676
710
677
711
678
712
679
713
680
714
681
715
682
716
683
717
684
718
685
719
686
720
687
721
688
722
689
723
690
724
691
725
692
726
693
727
694
728
695
729
696
730
697
731
698
732
699
733
734
701
735
2485
702
736
703
737
704
738
705
739
706
740
707
741
708
742
709
743
710
744
711
745
712
746
713
747
714
748
715
749
716
750
717
751
718
752
719
753
720
754
721
755
722
756
723
757
724
758
725
759
726
760
727
761
728
762
729
763
730
764
731
765
732
766
733
767
734
768
769
736
770
2520
737
771
738
772
739
773
740
774
741
775
742
776
743
777
744
778
745
779
746
780
747
781
748
782
749
783
750
784
751
785
752
786
753
787
754
788
755
789
756
790
757
791
758
792
759
793
760
794
761
795
762
796
763
797
764
798
765
799
766
800
767
801
768
802
769
803
804
771
805
2555
772
806
773
807
774
808
775
809
776
810
777
811
778
812
779
813
780
814
781
815
782
816
783
817
784
818
785
819
786
820
787
821
788
822
789
823
790
824
791
825
792
826
793
827
794
828
795
829
796
830
797
831
798
832
799
833
800
834
801
835
802
836
803
837
804
838
839
806
840
2590
807
841
808
842
809
843
810
844
811
845
812
846
813
847
814
848
815
849
816
850
817
851
818
852
819
853
820
854
821
855
822
856
823
857
824
858
825
859
826
860
827
861
828
862
829
863
830
864
831
865
832
866
833
867
834
868
835
869
836
870
837
871
838
872
839
873
874
841
875
2625
842
876
843
877
844
878
845
879
846
880
847
881
848
882
849
883
850
884
851
885
852
886
853
887
854
888
855
889
856
890
857
891
858
892
859
893
860
894
861
895
862
896
863
897
864
898
865
899
866
900
867
901
868
902
869
903
870
904
871
905
872
906
873
907
874
908
909
876
910
2660
877
911
878
912
879
913
880
914
881
915
882
916
883
917
884
918
885
919
886
920
887
921
888
922
889
923
890
924
891
925
892
926
893
927
894
928
895
929
896
930
897
931
898
932
899
933
900
934
901
935
902
936
903
937
904
938
905
939
906
940
907
941
908
942
909
943
944
911
945
2695
912
946
913
947
914
948
915
949
916
950
917
951
918
952
919
953
920
954
921
955
922
956
923
957
924
958
925
959
926
960
927
961
928
962
929
963
930
964
931
965
932
966
933
967
934
968
935
969
936
970
937
971
938
972
939
973
940
974
941
975
942
976
943
977
944
978
979
946
980
2730
947
981
948
982
949
983
950
984
951
985
952
986
953
987
954
988
955
989
956
990
957
991
958
992
959
993
960
994
961
995
962
996
963
997
964
998
965
999
966
1000
967
1001
968
1002
969
1003
970
1004
971
1005
972
1006
973
1007
974
1008
975
1009
976
1010
977
1011
978
1012
979
1013
1014
981
1015
2765
982
1016
983
1017
984
1018
985
1019
986
1020
987
1021
988
1022
989
1023
990
1024
991
1025
992
1026
993
1027
994
1028
995
1029
996
1030
997
1031
998
1032
999
1033
1000
1034
1001
1035
1002
1036
1003
1037
1004
1038
1005
1039
1006
1040
1007
1041
1008
1042
1009
1043
1010
1044
1011
1045
1012
1046
1013
1047
1014
1048
1049
1016
1050
2800
1017
1051
1018
1052
1019
1053
1020
1054
1021
1055
1022
1056
1023
1057
1024
1058
1025
1059
1026
1060
1027
1061
1028
1062
1029
1063
1030
1064
1031
1065
1032
1066
1033
1067
1034
1068
1035
1069
1036
1070
1037
1071
1038
1072
1039
1073
1040
1074
1041
1075
1042
1076
1043
1077
1044
1078
1045
1079
1046
1080
1047
1081
1048
1082
1049
1083
1084
1051
1085
2835
1052
1086
1053
1087
1054
1088
1055
1089
1056
1090
1057
1091
1058
1092
1059
1093
1060
1094
1061
1095
1062
1096
1063
1097
1064
1098
1065
1099
1066
1100
1067
1101
1068
1102
1069
1103
1070
1104
1071
1105
1072
1106
1073
1107
1074
1108
1075
1109
1076
1110
1077
1111
1078
1112
1079
1113
1080
1114
1081
1115
1082
1116
1083
1117
1084
1118
1119
1086
1120
2870
1087
1121
1088
1122
1089
1123
1090
1124
1091
1125
1092
1126
1093
1127
1094
1128
1095
1129
1096
1130
1097
1131
1098
1132
1099
1133
1100
1134
1101
1135
1102
1136
1103
1137
1104
1138
1105
1139
1106
1140
1107
1141
1108
1142
1109
1143
1110
1144
1111
1145
1112
1146
1113
1147
1114
1148
1115
1149
1116
1150
1117
1151
1118
1152
1119
1153
1154
1121
1155
2905
1122
1156
1123
1157
1124
1158
1125
1159
1126
1160
1127
1161
1128
1162
1129
1163
1130
1164
1131
1165
1132
1166
1133
1167
1134
1168
1135
1169
1136
1170
1137
1171
1138
1172
1139
1173
1140
1174
1141
1175
1142
1176
1143
1177
1144
1178
1145
1179
1146
1180
1147
1181
1148
1182
1149
1183
1150
1184
1151
1185
1152
1186
1153
1187
1154
1188
1189
1156
1190
2940
1157
1191
1158
1192
1159
1193
1160
1194
1161
1195
1162
1196
1163
1197
1164
1198
1165
1199
1166
1200
1167
1201
1168
1202
1169
1203
1170
1204
1171
1205
1172
1206
1173
1207
1174
1208
1175
1209
1176
1210
1177
1211
1178
1212
1179
1213
1180
1214
1181
1215
1182
1216
1183
1217
1184
1218
1185
1219
1186
1220
1187
1221
1188
1222
1189
1223
1224
1191
1225
2975
1192
1226
1193
1227
1194
1228
1195
1229
1196
1230
1197
1231
1198
1232
1199
1233
1200
1234
1201
1235
1202
1236
1203
1237
1204
1238
1205
1239
1206
1240
1207
1241
1208
1242
1209
1243
1210
1244
1211
1245
1212
1246
1213
1247
1214
1248
1215
1249
1216
1250
1217
1251
1218
1252
1219
1253
1220
1254
1221
1255
1222
1256
1223
1257
1224
1258
1259
1226
1260
3010
1227
1261
1228
1262
1229
1263
1230
1264
1231
1265
1232
1266
1233
1267
1234
1268
1235
1269
1236
1270
1237
1271
1238
1272
1239
1273
1240
1274
1241
1275
1242
1276
1243
1277
1244
1278
1245
1279
1246
1280
1247
1281
1248
1282
1249
1283
1250
1284
1251
1285
1252
1286
1253
1287
1254
1288
1255
1289
1256
1290
1257
1291
1258
1292
1259
1293
1294
1261
1295
3045
1262
1296
1263
1297
1264
1298
1265
1299
1266
1300
1267
1301
1268
1302
1269
1303
1270
1304
1271
1305
1272
1306
1273
1307
1274
1308
1275
1309
1276
1310
1277
1311
1278
1312
1279
1313
1280
1314
1281
1315
1282
1316
1283
1317
1284
1318
1285
1319
1286
1320
1287
1321
1288
1322
1289
1323
1290
1324
1291
1325
1292
1326
1293
1327
1294
1328
1329
1296
1330
3080
1297
1331
1298
1332
1299
1333
1300
1334
1301
1335
1302
1336
1303
1337
1304
1338
1305
1339
1306
1340
1307
1341
1308
1342
1309
1343
1310
1344
1311
1345
1312
1346
1313
1347
1314
1348
1315
1349
1316
1350
1317
1351
1318
1352
1319
1353
1320
1354
1321
1355
1322
1356
1323
1357
1324
1358
1325
1359
1326
1360
1327
1361
1328
1362
1329
1363
1364
1331
1365
3115
1332
1366
1333
1367
1334
1368
1335
1369
1336
1370
1337
1371
1338
1372
1339
1373
1340
1374
1341
1375
1342
1376
1343
1377
1344
1378
1345
1379
1346
1380
1347
1381
1348
1382
1349
1383
1350
1384
1351
1385
1352
1386
1353
1387
1354
1388
1355
1389
1356
1390
1357
1391
1358
1392
1359
1393
1360
1394
1361
1395
1362
1396
1363
1397
1364
1398
1399
1366
1400
3150
1367
1401
1368
1402
1369
1403
1370
1404
1371
1405
1372
1406
1373
1407
1374
1408
1375
1409
1376
1410
1377
1411
1378
1412
1379
1413
1380
1414
1381
1415
1382
1416
1383
1417
1384
1418
1385
1419
1386
1420
1387
1421
1388
1422
1389
1423
1390
1424
1391
1425
1392
1426
1393
1427
1394
1428
1395
1429
1396
1430
1397
1431
1398
1432
1399
1433
1434
1401
1435
3185
1402
1436
1403
1437
1404
1438
1405
1439
1406
1440
1407
1441
1408
1442
1409
1443
1410
1444
1411
1445
1412
1446
1413
1447
1414
1448
1415
1449
1416
1450
1417
1451
1418
1452
1419
1453
1420
1454
1421
1455
1422
1456
1423
1457
1424
1458
1425
1459
1426
1460
1427
1461
1428
1462
1429
1463
1430
1464
1431
1465
1432
1466
1433
1467
1434
1468
1469
1436
1470
3220
1437
1471
1438
1472
1439
1473
1440
1474
1441
1475
1442
1476
1443
1477
1444
1478
1445
1479
1446
1480
1447
1481
1448
1482
1449
1483
1450
1484
1451
1485
1452
1486
1453
1487
1454
1488
1455
1489
1456
1490
1457
1491
1458
1492
1459
1493
1460
1494
1461
1495
1462
1496
1463
1497
1464
1498
1465
1499
1466
1500
1467
1501
1468
1502
1469
1503
1504
1471
1505
3255
1472
1506
1473
1507
1474
1508
1475
1509
1476
1510
1477
1511
1478
1512
1479
1513
1480
1514
1481
1515
1482
1516
1483
1517
1484
1518
1485
1519
1486
1520
1487
1521
1488
1522
1489
1523
1490
1524
1491
1525
1492
1526
1493
1527
1494
1528
1495
1529
1496
1530
1497
1531
1498
1532
1499
1533
1500
1534
1501
1535
1502
1536
1503
1537
1504
1538
1539
1506
1540
3290
1507
1541
1508
1542
1509
1543
1510
1544
1511
1545
1512
1546
1513
1547
1514
1548
1515
1549
1516
1550
1517
1551
1518
1552
1519
1553
1520
1554
1521
1555
1522
1556
1523
1557
1524
1558
1525
1559
1526
1560
1527
1561
1528
1562
1529
1563
1530
1564
1531
1565
1532
1566
1533
1567
1534
1568
1535
1569
1536
1570
1537
1571
1538
1572
1539
1573
1574
1541
1575
3325
1542
1576
1543
1577
1544
1578
1545
1579
1546
1580
1547
1581
1548
1582
1549
1583
1550
1584
1551
1585
1552
1586
1553
1587
1554
1588
1555
1589
1556
1590
1557
1591
1558
1592
1559
1593
1560
1594
1561
1595
1562
1596
1563
1597
1564
1598
1565
1599
1566
1600
1567
1601
1568
1602
1569
1603
1570
1604
1571
1605
1572
1606
1573
1607
1574
1608
1609
1576
1610
3360
1577
1611
1578
1612
1579
1613
1580
1614
1581
1615
1582
1616
1583
1617
1584
1618
1585
1619
1586
1620
1587
1621
1588
1622
1589
1623
1590
1624
1591
1625
1592
1626
1593
1627
1594
1628
1595
1629
1596
1630
1597
1631
1598
1632
1599
1633
1600
1634
1601
1635
1602
1636
1603
1637
1604
1638
1605
1639
1606
1640
1607
1641
1608
1642
1609
1643
1644
1611
1645
3395
1612
1646
1613
1647
1614
1648
1615
1649
1616
1650
1617
1651
1618
1652
1619
1653
1620
1654
1621
1655
1622
1656
1623
1657
1624
1658
1625
1659
1626
1660
1627
1661
1628
1662
1629
1663
1630
1664
1631
1665
1632
1666
1633
1667
1634
1668
1635
1669
1636
1670
1637
1671
1638
1672
1639
1673
1640
1674
1641
1675
1642
1676
1643
1677
1644
1678
1679
1646
1680
3430
1647
1681
1648
1682
1649
1683
1650
1684
1651
1685
1652
1686
1653
1687
1654
1688
1655
1689
1656
1690
1657
1691
1658
1692
1659
1693
1660
1694
1661
1695
1662
1696
1663
1697
1664
1698
1665
1699
1666
1700
1667
1701
1668
1702
1669
1703
1670
1704
1671
1705
1672
1706
1673
1707
1674
1708
1675
1709
1676
1710
1677
1711
1678
1712
1679
1713
1714
1681
1715
3465
1682
1716
1683
1717
1684
1718
1685
1719
1686
1720
1687
1721
1688
1722
1689
1723
1690
1724
1691
1725
1692
1726
1693
1727
1694
1728
1695
1729
1696
1730
1697
1731
1698
1732
1699
1733
1700
1734
1701
1735
1702
1736
1703
1737
1704
1738
1705
1739
1706
1740
1707
1741
1708
1742
1709
1743
1710
1744
1711
1745
1712
1746
1713
1747
1714
1748
1749
1716
1750
3500
1717
1751
1718
1752
1719
1753
1720
1754
1721
1755
1722
1756
1723
1757
1724
1758
1725
1759
1726
1760
1727
1761
1728
1762
1729
1763
1730
1764
1731
1765
1732
1766
1733
1767
1734
1768
1735
1769
1736
1770
1737
1771
1738
1772
1739
1773
1740
1774
1741
1775
1742
1776
1743
1777
1744
1778
1745
1779
1746
1780
1747
1781
1748
1782
1749
1783
1784
1751
3535
1752
1753
1754
1755
1756
1757
1758
1759
1760
1761
1762
1763
1764
1765
1766
1767
1768
1769
1770
1771
1772
1773
1774
1775
1776
1777
1778
1779
1780
1781
1782
1783
1784
1786
1820
2310
1787
1821
2311
1788
1822
2312
1789
1823
2313
1790
1824
2314
1791
1825
2315
1792
1826
2316
1793
1827
2317
1794
1828
2318
1795
1829
2319
1796
1830
2320
1797
1831
2321
1798
1832
2322
1799
1833
2323
1800
1834
2324
1801
1835
2325
1802
1836
2326
1803
1837
2327
1804
1838
2328
1805
1839
2329
1806
1840
2330
1807
1841
2331
1808
1842
2332
1809
1843
2333
1810
1844
2334
1811
1845
2335
1812
1846
2336
1813
1847
2337
1814
1848
2338
1815
1849
2339
1816
1850
2340
1817
1851
2341
1818
1852
2342
1819
1853
2343
1854
2344
1821
1855
1822
1856
1823
1857
1824
1858
1825
1859
1826
1860
1827
1861
1828
1862
1829
1863
1830
1864
1831
1865
1832
1866
1833
1867
1834
1868
1835
1869
1836
1870
1837
1871
1838
1872
1839
1873
1840
1874
1841
1875
1842
1876
1843
1877
1844
1878
1845
1879
1846
1880
1847
1881
1848
1882
1849
1883
1850
1884
1851
1885
1852
1886
1853
1887
1854
1888
1889
1856
1890
1857
1891
1858
1892
1859
1893
1860
1894
1861
1895
1862
1896
1863
1897
1864
1898
1865
1899
1866
1900
1867
1901
1868
1902
1869
1903
1870
1904
1871
1905
1872
1906
1873
1907
1874
1908
1875
1909
1876
1910
1877
1911
1878
1912
1879
1913
1880
1914
1881
1915
1882
1916
1883
1917
1884
1918
1885
1919
1886
1920
1887
1921
1888
1922
1889
1923
1924
1891
1925
1892
1926
1893
1927
1894
1928
1895
1929
1896
1930
1897
1931
1898
1932
1899
1933
1900
1934
1901
1935
1902
1936
1903
1937
1904
1938
1905
1939
1906
1940
1907
1941
1908
1942
1909
1943
1910
1944
1911
1945
1912
1946
1913
1947
1914
1948
1915
1949
1916
1950
1917
1951
1918
1952
1919
1953
1920
1954
1921
1955
1922
1956
1923
1957
1924
1958
1959
1926
1960
1927
1961
1928
1962
1929
1963
1930
1964
1931
1965
1932
1966
1933
1967
1934
1968
1935
1969
1936
1970
1937
1971
1938
1972
1939
1973
1940
1974
1941
1975
1942
1976
1943
1977
1944
1978
1945
1979
1946
1980
1947
1981
1948
1982
1949
1983
1950
1984
1951
1985
1952
1986
1953
1987
1954
1988
1955
1989
1956
1990
1957
1991
1958
1992
1959
1993
1994
1961
1995
1962
1996
1963
1997
1964
1998
1965
1999
1966
2000
1967
2001
1968
2002
1969
2003
1970
2004
1971
2005
1972
2006
1973
2007
1974
2008
1975
2009
1976
2010
1977
2011
1978
2012
1979
2013
1980
2014
1981
2015
1982
2016
1983
2017
1984
2018
1985
2019
1986
2020
1987
2021
1988
2022
1989
2023
1990
2024
1991
2025
1992
2026
1993
2027
1994
2028
2029
1996
2030
1997
2031
1998
2032
1999
2033
2000
2034
2001
2035
2002
2036
2003
2037
2004
2038
2005
2039
2006
2040
2007
2041
2008
2042
2009
2043
2010
2044
2011
2045
2012
2046
2013
2047
2014
2048
2015
2049
2016
2050
2017
2051
2018
2052
2019
2053
2020
2054
2021
2055
2022
2056
2023
2057
2024
2058
2025
2059
2026
2060
2027
2061
2028
2062
2029
2063
2064
2031
2065
2032
2066
2033
2067
2034
2068
2035
2069
2036
2070
2037
2071
2038
2072
2039
2073
2040
2074
2041
2075
2042
2076
2043
2077
2044
2078
2045
2079
2046
2080
2047
2081
2048
2082
2049
2083
2050
2084
2051
2085
2052
2086
2053
2087
2054
2088
2055
2089
2056
2090
2057
2091
2058
2092
2059
2093
2060
2094
2061
2095
2062
2096
2063
2097
2064
2098
2099
2066
2067
2068
2069
2070
2071
2072
2073
2074
2075
2076
2077
2078
2079
2080
2081
2082
2083
2084
2085
2086
2087
2088
2089
2090
2091
2092
2093
2094
2095
2096
2097
2098
2099
2101
2135
2345
2102
2136
2346
2103
2137
2347
2104
2138
2348
2105
2139
2349
2106
2140
2350
2107
2141
2351
2108
2142
2352
2109
2143
2353
2110
2144
2354
2111
2145
2355
2112
2146
2356
2113
2147
2357
2114
2148
2358
2115
2149
2359
2116
2150
2360
2117
2151
2361
2118
2152
2362
2119
2153
2363
2120
2154
2364
2121
2155
2365
2122
2156
2366
2123
2157
2367
2124
2158
2368
2125
2159
2369
2126
2160
2370
2127
2161
2371
2128
2162
2372
2129
2163
2373
2130
2164
2374
2131
2165
2375
2132
2166
2376
2133
2167
2377
2134
2168
2378
2169
2379
2136
2170
2137
2171
2138
2172
2139
2173
2140
2174
2141
2175
2142
2176
2143
2177
2144
2178
2145
2179
2146
2180
2147
2181
2148
2182
2149
2183
2150
2184
2151
2185
2152
2186
2153
2187
2154
2188
2155
2189
2156
2190
2157
2191
2158
2192
2159
2193
2160
2194
2161
2195
2162
2196
2163
2197
2164
2198
2165
2199
2166
2200
2167
2201
2168
2202
2169
2203
2204
2171
2205
2172
2206
2173
2207
2174
2208
2175
2209
2176
2210
2177
2211
2178
2212
2179
2213
2180
2214
2181
2215
2182
2216
2183
2217
2184
2218
2185
2219
2186
2220
2187
2221
2188
2222
2189
2223
2190
2224
2191
2225
2192
2226
2193
2227
2194
2228
2195
2229
2196
2230
2197
2231
2198
2232
2199
2233
2200
2234
2201
2235
2202
2236
2203
2237
2204
2238
2239
2206
2240
2207
2241
2208
2242
2209
2243
2210
2244
2211
2245
2212
2246
2213
2247
2214
2248
2215
2249
2216
2250
2217
2251
2218
2252
2219
2253
2220
2254
2221
2255
2222
2256
2223
2257
2224
2258
2225
2259
2226
2260
2227
2261
2228
2262
2229
2263
2230
2264
2231
2265
2232
2266
2233
2267
2234
2268
2235
2269
2236
2270
2237
2271
2238
2272
2239
2273
2274
2241
2275
2242
2276
2243
2277
2244
2278
2245
2279
2246
2280
2247
2281
2248
2282
2249
2283
2250
2284
2251
2285
2252
2286
2253
2287
2254
2288
2255
2289
2256
2290
2257
2291
2258
2292
2259
2293
2260
2294
2261
2295
2262
2296
2263
2297
2264
2298
2265
2299
2266
2300
2267
2301
2268
2302
2269
2303
2270
2304
2271
2305
2272
2306
2273
2307
2274
2308
2309
2276
2310
2277
2311
2278
2312
2279
2313
2280
2314
2281
2315
2282
2316
2283
2317
2284
2318
2285
2319
2286
2320
2287
2321
2288
2322
2289
2323
2290
2324
2291
2325
2292
2326
2293
2327
2294
2328
2295
2329
2296
2330
2297
2331
2298
2332
2299
2333
2300
2334
2301
2335
2302
2336
2303
2337
2304
2338
2305
2339
2306
2340
2307
2341
2308
2342
2309
2343
2344
2311
2312
2313
2314
2315
2316
2317
2318
2319
2320
2321
2322
2323
2324
2325
2326
2327
2328
2329
2330
2331
2332
2333
2334
2335
2336
2337
2338
2339
2340
2341
2342
2343
2344
2346
2380
2347
2381
2348
2382
2349
2383
2350
2384
2351
2385
2352
2386
2353
2387
2354
2388
2355
2389
2356
2390
2357
2391
2358
2392
2359
2393
2360
2394
2361
2395
2362
2396
2363
2397
2364
2398
2365
2399
2366
2400
2367
2401
2368
2402
2369
2403
2370
2404
2371
2405
2372
2406
2373
2407
2374
2408
2375
2409
2376
2410
2377
2411
2378
2412
2379
2413
2414
2381
2415
2382
2416
2383
2417
2384
2418
2385
2419
2386
2420
2387
2421
2388
2422
2389
2423
2390
2424
2391
2425
2392
2426
2393
2427
2394
2428
2395
2429
2396
2430
2397
2431
2398
2432
2399
2433
2400
2434
2401
2435
2402
2436
2403
2437
2404
2438
2405
2439
2406
2440
2407
2441
2408
2442
2409
2443
2410
2444
2411
2445
2412
2446
2413
2447
2414
2448
2449
2416
2450
2417
2451
2418
2452
2419
2453
2420
2454
2421
2455
2422
2456
2423
2457
2424
2458
2425
2459
2426
2460
2427
2461
2428
2462
2429
2463
2430
2464
2431
2465
2432
2466
2433
2467
2434
2468
2435
2469
2436
2470
2437
2471
2438
2472
2439
2473
2440
2474
2441
2475
2442
2476
2443
2477
2444
2478
2445
2479
2446
2480
2447
2481
2448
2482
2449
2483
2484
2451
2485
2452
2486
2453
2487
2454
2488
2455
2489
2456
2490
2457
2491
2458
2492
2459
2493
2460
2494
2461
2495
2462
2496
2463
2497
2464
2498
2465
2499
2466
2500
2467
2501
2468
2502
2469
2503
2470
2504
2471
2505
2472
2506
2473
2507
2474
2508
2475
2509
2476
2510
2477
2511
2478
2512
2479
2513
2480
2514
2481
2515
2482
2516
2483
2517
2484
2518
2519
2486
2520
2487
2521
2488
2522
2489
2523
2490
2524
2491
2525
2492
2526
2493
2527
2494
2528
2495
2529
2496
2530
2497
2531
2498
2532
2499
2533
2500
2534
2501
2535
2502
2536
2503
2537
2504
2538
2505
2539
2506
2540
2507
2541
2508
2542
2509
2543
2510
2544
2511
2545
2512
2546
2513
2547
2514
2548
2515
2549
2516
2550
2517
2551
2518
2552
2519
2553
2554
2521
2555
2522
2556
2523
2557
2524
2558
2525
2559
2526
2560
2527
2561
2528
2562
2529
2563
2530
2564
2531
2565
2532
2566
2533
2567
2534
2568
2535
2569
2536
2570
2537
2571
2538
2572
2539
2573
2540
2574
2541
2575
2542
2576
2543
2577
2544
2578
2545
2579
2546
2580
2547
2581
2548
2582
2549
2583
2550
2584
2551
2585
2552
2586
2553
2587
2554
2588
2589
2556
2590
2557
2591
2558
2592
2559
2593
2560
2594
2561
2595
2562
2596
2563
2597
2564
2598
2565
2599
2566
2600
2567
2601
2568
2602
2569
2603
2570
2604
2571
2605
2572
2606
2573
2607
2574
2608
2575
2609
2576
2610
2577
2611
2578
2612
2579
2613
2580
2614
2581
2615
2582
2616
2583
2617
2584
2618
2585
2619
2586
2620
2587
2621
2588
2622
2589
2623
2624
2591
2625
2592
2626
2593
2627
2594
2628
2595
2629
2596
2630
2597
2631
2598
2632
2599
2633
2600
2634
2601
2635
2602
2636
2603
2637
2604
2638
2605
2639
2606
2640
2607
2641
2608
2642
2609
2643
2610
2644
2611
2645
2612
2646
2613
2647
2614
2648
2615
2649
2616
2650
2617
2651
2618
2652
2619
2653
2620
2654
2621
2655
2622
2656
2623
2657
2624
2658
2659
2626
2660
2627
2661
2628
2662
2629
2663
2630
2664
2631
2665
2632
2666
2633
2667
2634
2668
2635
2669
2636
2670
2637
2671
2638
2672
2639
2673
2640
2674
2641
2675
2642
2676
2643
2677
2644
2678
2645
2679
2646
2680
2647
2681
2648
2682
2649
2683
2650
2684
2651
2685
2652
2686
2653
2687
2654
2688
2655
2689
2656
2690
2657
2691
2658
2692
2659
2693
2694
2661
2695
2662
2696
2663
2697
2664
2698
2665
2699
2666
2700
2667
2701
2668
2702
2669
2703
2670
2704
2671
2705
2672
2706
2673
2707
2674
2708
2675
2709
2676
2710
2677
2711
2678
2712
2679
2713
2680
2714
2681
2715
2682
2716
2683
2717
2684
2718
2685
2719
2686
2720
2687
2721
2688
2722
2689
2723
2690
2724
2691
2725
2692
2726
2693
2727
2694
2728
2729
2696
2730
2697
2731
2698
2732
2699
2733
2700
2734
2701
2735
2702
2736
2703
2737
2704
2738
2705
2739
2706
2740
2707
2741
2708
2742
2709
2743
2710
2744
2711
2745
2712
2746
2713
2747
2714
2748
2715
2749
2716
2750
2717
2751
2718
2752
2719
2753
2720
2754
2721
2755
2722
2756
2723
2757
2724
2758
2725
2759
2726
2760
2727
2761
2728
2762
2729
2763
2764
2731
2765
2732
2766
2733
2767
2734
2768
2735
2769
2736
2770
2737
2771
2738
2772
2739
2773
2740
2774
2741
2775
2742
2776
2743
2777
2744
2778
2745
2779
2746
2780
2747
2781
2748
2782
2749
2783
2750
2784
2751
2785
2752
2786
2753
2787
2754
2788
2755
2789
2756
2790
2757
2791
2758
2792
2759
2793
2760
2794
2761
2795
2762
2796
2763
2797
2764
2798
2799
2766
2800
2767
2801
2768
2802
2769
2803
2770
2804
2771
2805
2772
2806
2773
2807
2774
2808
2775
2809
2776
2810
2777
2811
2778
2812
2779
2813
2780
2814
2781
2815
2782
2816
2783
2817
2784
2818
2785
2819
2786
2820
2787
2821
2788
2822
2789
2823
2790
2824
2791
2825
2792
2826
2793
2827
2794
2828
2795
2829
2796
2830
2797
2831
2798
2832
2799
2833
2834
2801
2835
2802
2836
2803
2837
2804
2838
2805
2839
2806
2840
2807
2841
2808
2842
2809
2843
2810
2844
2811
2845
2812
2846
2813
2847
2814
2848
2815
2849
2816
2850
2817
2851
2818
2852
2819
2853
2820
2854
2821
2855
2822
2856
2823
2857
2824
2858
2825
2859
2826
2860
2827
2861
2828
2862
2829
2863
2830
2864
2831
2865
2832
2866
2833
2867
2834
2868
2869
2836
2870
2837
2871
2838
2872
2839
2873
2840
2874
2841
2875
2842
2876
2843
2877
2844
2878
2845
2879
2846
2880
2847
2881
2848
2882
2849
2883
2850
2884
2851
2885
2852
2886
2853
2887
2854
2888
2855
2889
2856
2890
2857
2891
2858
2892
2859
2893
2860
2894
2861
2895
2862
2896
2863
2897
2864
2898
2865
2899
2866
2900
2867
2901
2868
2902
2869
2903
2904
2871
2905
2872
2906
2873
2907
2874
2908
2875
2909
2876
2910
2877
2911
2878
2912
2879
2913
2880
2914
2881
2915
2882
2916
2883
2917
2884
2918
2885
2919
2886
2920
2887
2921
2888
2922
2889
2923
2890
2924
2891
2925
2892
2926
2893
2927
2894
2928
2895
2929
2896
2930
2897
2931
2898
2932
2899
2933
2900
2934
2901
2935
2902
2936
2903
2937
2904
2938
2939
2906
2940
2907
2941
2908
2942
2909
2943
2910
2944
2911
2945
2912
2946
2913
2947
2914
2948
2915
2949
2916
2950
2917
2951
2918
2952
2919
2953
2920
2954
2921
2955
2922
2956
2923
2957
2924
2958
2925
2959
2926
2960
2927
2961
2928
2962
2929
2963
2930
2964
2931
2965
2932
2966
2933
2967
2934
2968
2935
2969
2936
2970
2937
2971
2938
2972
2939
2973
2974
2941
2975
2942
2976
2943
2977
2944
2978
2945
2979
2946
2980
2947
2981
2948
2982
2949
2983
2950
2984
2951
2985
2952
2986
2953
2987
2954
2988
2955
2989
2956
2990
2957
2991
2958
2992
2959
2993
2960
2994
2961
2995
2962
2996
2963
2997
2964
2998
2965
2999
2966
3000
2967
3001
2968
3002
2969
3003
2970
3004
2971
3005
2972
3006
2973
3007
2974
3008
3009
2976
3010
2977
3011
2978
3012
2979
3013
2980
3014
2981
3015
2982
3016
2983
3017
2984
3018
2985
3019
2986
3020
2987
3021
2988
3022
2989
3023
2990
3024
2991
3025
2992
3026
2993
3027
2994
3028
2995
3029
2996
3030
2997
3031
2998
3032
2999
3033
3000
3034
3001
3035
3002
3036
3003
3037
3004
3038
3005
3039
3006
3040
3007
3041
3008
3042
3009
3043
3044
3011
3045
3012
3046
3013
3047
3014
3048
3015
3049
3016
3050
3017
3051
3018
3052
3019
3053
3020
3054
3021
3055
3022
3056
3023
3057
3024
3058
3025
3059
3026
3060
3027
3061
3028
3062
3029
3063
3030
3064
3031
3065
3032
3066
3033
3067
3034
3068
3035
3069
3036
3070
3037
3071
3038
3072
3039
3073
3040
3074
3041
3075
3042
3076
3043
3077
3044
3078
3079
3046
3080
3047
3081
3048
3082
3049
3083
3050
3084
3051
3085
3052
3086
3053
3087
3054
3088
3055
3089
3056
3090
3057
3091
3058
3092
3059
3093
3060
3094
3061
3095
3062
3096
3063
3097
3064
3098
3065
3099
3066
3100
3067
3101
3068
3102
3069
3103
3070
3104
3071
3105
3072
3106
3073
3107
3074
3108
3075
3109
3076
3110
3077
3111
3078
3112
3079
3113
3114
3081
3115
3082
3116
3083
3117
3084
3118
3085
3119
3086
3120
3087
3121
3088
3122
3089
3123
3090
3124
3091
3125
3092
3126
3093
3127
3094
3128
3095
3129
3096
3130
3097
3131
3098
3132
3099
3133
3100
3134
3101
3135
3102
3136
3103
3137
3104
3138
3105
3139
3106
3140
3107
3141
3108
3142
3109
3143
3110
3144
3111
3145
3112
3146
3113
3147
3114
3148
3149
3116
3150
3117
3151
3118
3152
3119
3153
3120
3154
3121
3155
3122
3156
3123
3157
3124
3158
3125
3159
3126
3160
3127
3161
3128
3162
3129
3163
3130
3164
3131
3165
3132
3166
3133
3167
3134
3168
3135
3169
3136
3170
3137
3171
3138
3172
3139
3173
3140
3174
3141
3175
3142
3176
3143
3177
3144
3178
3145
3179
3146
3180
3147
3181
3148
3182
3149
3183
3184
3151
3185
3152
3186
3153
3187
3154
3188
3155
3189
3156
3190
3157
3191
3158
3192
3159
3193
3160
3194
3161
3195
3162
3196
3163
3197
3164
3198
3165
3199
3166
3200
3167
3201
3168
3202
3169
3203
3170
3204
3171
3205
3172
3206
3173
3207
3174
3208
3175
3209
3176
3210
3177
3211
3178
3212
3179
3213
3180
3214
3181
3215
3182
3216
3183
3217
3184
3218
3219
3186
3220
3187
3221
3188
3222
3189
3223
3190
3224
3191
3225
3192
3226
3193
3227
3194
3228
3195
3229
3196
3230
3197
3231
3198
3232
3199
3233
3200
3234
3201
3235
3202
3236
3203
3237
3204
3238
3205
3239
3206
3240
3207
3241
3208
3242
3209
3243
3210
3244
3211
3245
3212
3246
3213
3247
3214
3248
3215
3249
3216
3250
3217
3251
3218
3252
3219
3253
3254
3221
3255
3222
3256
3223
3257
3224
3258
3225
3259
3226
3260
3227
3261
3228
3262
3229
3263
3230
3264
3231
3265
3232
3266
3233
3267
3234
3268
3235
3269
3236
3270
3237
3271
3238
3272
3239
3273
3240
3274
3241
3275
3242
3276
3243
3277
3244
3278
3245
3279
3246
3280
3247
3281
3248
3282
3249
3283
3250
3284
3251
3285
3252
3286
3253
3287
3254
3288
3289
3256
3290
3257
3291
3258
3292
3259
3293
3260
3294
3261
3295
3262
3296
3263
3297
3264
3298
3265
3299
3266
3300
3267
3301
3268
3302
3269
3303
3270
3304
3271
3305
3272
3306
3273
3307
3274
3308
3275
3309
3276
3310
3277
3311
3278
3312
3279
3313
3280
3314
3281
3315
3282
3316
3283
3317
3284
3318
3285
3319
3286
3320
3287
3321
3288
3322
3289
3323
3324
3291
3325
3292
3326
3293
3327
3294
3328
3295
3329
3296
3330
3297
3331
3298
3332
3299
3333
3300
3334
3301
3335
3302
3336
3303
3337
3304
3338
3305
3339
3306
3340
3307
3341
3308
3342
3309
3343
3310
3344
3311
3345
3312
3346
3313
3347
3314
3348
3315
3349
3316
3350
3317
3351
3318
3352
3319
3353
3320
3354
3321
3355
3322
3356
3323
3357
3324
3358
3359
3326
3360
3327
3361
3328
3362
3329
3363
3330
3364
3331
3365
3332
3366
3333
3367
3334
3368
3335
3369
3336
3370
3337
3371
3338
3372
3339
3373
3340
3374
3341
3375
3342
3376
3343
3377
3344
3378
3345
3379
3346
3380
3347
3381
3348
3382
3349
3383
3350
3384
3351
3385
3352
3386
3353
3387
3354
3388
3355
3389
3356
3390
3357
3391
3358
3392
3359
3393
3394
3361
3395
3362
3396
3363
3397
3364
3398
3365
3399
3366
3400
3367
3401
3368
3402
3369
3403
3370
3404
3371
3405
3372
3406
3373
3407
3374
3408
3375
3409
3376
3410
3377
3411
3378
3412
3379
3413
3380
3414
3381
3415
3382
3416
3383
3417
3384
3418
3385
3419
3386
3420
3387
3421
3388
3422
3389
3423
3390
3424
3391
3425
3392
3426
3393
3427
3394
3428
3429
3396
3430
3397
3431
3398
3432
3399
3433
3400
3434
3401
3435
3402
3436
3403
3437
3404
3438
3405
3439
3406
3440
3407
3441
3408
3442
3409
3443
3410
3444
3411
3445
3412
3446
3413
3447
3414
3448
3415
3449
3416
3450
3417
3451
3418
3452
3419
3453
3420
3454
3421
3455
3422
3456
3423
3457
3424
3458
3425
3459
3426
3460
3427
3461
3428
3462
3429
3463
3464
3431
3465
3432
3466
3433
3467
3434
3468
3435
3469
3436
3470
3437
3471
3438
3472
3439
3473
3440
3474
3441
3475
3442
3476
3443
3477
3444
3478
3445
3479
3446
3480
3447
3481
3448
3482
3449
3483
3450
3484
3451
3485
3452
3486
3453
3487
3454
3488
3455
3489
3456
3490
3457
3491
3458
3492
3459
3493
3460
3494
3461
3495
3462
3496
3463
3497
3464
3498
3499
3466
3500
3467
3501
3468
3502
3469
3503
3470
3504
3471
3505
3472
3506
3473
3507
3474
3508
3475
3509
3476
3510
3477
3511
3478
3512
3479
3513
3480
3514
3481
3515
3482
3516
3483
3517
3484
3518
3485
3519
3486
3520
3487
3521
3488
3522
3489
3523
3490
3524
3491
3525
3492
3526
3493
3527
3494
3528
3495
3529
3496
3530
3497
3531
3498
3532
3499
3533
3534
3501
3535
3502
3536
3503
3537
3504
3538
3505
3539
3506
3540
3507
3541
3508
3542
3509
3543
3510
3544
3511
3545
3512
3546
3513
3547
3514
3548
3515
3549
3516
3550
3517
3551
3518
3552
3519
3553
3520
3554
3521
3555
3522
3556
3523
3557
3524
3558
3525
3559
3526
3560
3527
3561
3528
3562
3529
3563
3530
3564
3531
3565
3532
3566
3533
3567
3534
3568
3569
3536
3537
3538
3539
3540
3541
3542
3543
3544
3545
3546
3547
3548
3549
3550
3551
3552
3553
3554
3555
3556
3557
3558
3559
3560
3561
3562
3563
3564
3565
3566
3567
3568
3569
)


// ************************************************************************* //
