/*--------------------------------*- C++ -*----------------------------------*\
| =========                 |                                                 |
| \\      /  F ield         | OpenFOAM: The Open Source CFD Toolbox           |
|  \\    /   O peration     | Version:  2412                                  |
|   \\  /    A nd           | Website:  www.openfoam.com                      |
|    \\/     M anipulation  |                                                 |
\*---------------------------------------------------------------------------*/
FoamFile
{
    version     2.0;
    format      ascii;
    arch        "LSB;label=32;scalar=64";
    note        "nPoints:7504  nCells:3570  nFaces:14462  nInternalFaces:6928";
    class       labelList;
    location    "constant/polyMesh";
    object      neighbour;
}
// * * * * * * * * * * * * * * * * * * * * * * * * * * * * * * * * * * * * * //


6928
(
1
27
401
2
28
402
3
29
403
4
30
404
5
31
405
6
32
406
7
33
407
8
34
408
9
35
409
10
36
410
11
37
411
12
38
412
13
39
413
14
40
414
15
41
415
16
42
416
17
43
417
18
44
418
19
45
419
20
46
420
21
47
421
22
48
422
23
49
423
24
50
424
25
51
425
26
52
426
53
427
28
54
29
55
30
56
31
57
32
58
33
59
34
60
35
61
36
62
37
63
38
64
39
65
40
66
41
67
42
68
43
69
44
70
45
71
46
72
47
73
48
74
49
75
50
76
51
77
52
78
53
79
80
55
81
56
82
57
83
58
84
59
85
60
86
61
87
62
88
63
89
64
90
65
91
66
92
67
93
68
94
69
95
70
96
71
97
72
98
73
99
74
100
75
101
76
102
77
103
78
104
79
105
80
106
107
82
108
83
109
84
110
85
111
86
112
87
113
88
114
89
115
90
116
91
117
92
118
93
119
94
120
95
121
96
122
97
123
98
124
99
125
100
126
101
127
102
128
103
129
104
130
105
131
106
132
107
133
134
109
135
110
136
111
137
112
138
113
139
114
140
115
141
116
142
117
143
118
144
119
145
120
146
121
147
122
148
123
149
124
150
125
151
126
152
127
153
128
154
129
155
130
156
131
157
132
158
133
159
134
160
136
161
137
162
138
163
139
164
140
165
141
166
142
167
143
168
144
169
145
170
146
171
147
172
148
173
149
174
150
175
151
176
152
177
153
178
154
179
155
180
156
181
157
182
158
183
159
184
160
185
186
162
187
163
188
164
189
165
190
166
191
167
192
168
193
169
194
170
195
171
196
172
197
173
198
174
199
175
200
176
201
177
202
178
203
179
204
180
205
181
206
182
207
183
208
184
209
185
210
186
211
212
188
213
189
214
190
215
191
216
192
217
193
218
194
219
195
220
196
221
197
222
198
223
199
224
200
225
201
226
202
227
203
228
204
229
205
230
206
231
207
232
208
233
209
234
210
235
211
236
212
237
238
214
899
215
900
216
901
217
902
218
903
219
904
220
905
221
906
222
907
223
908
224
909
225
910
226
911
227
912
228
913
229
914
230
915
231
916
232
917
233
918
234
919
235
920
236
921
237
922
238
923
924
240
266
428
241
267
429
242
268
430
243
269
431
244
270
432
245
271
433
246
272
434
247
273
435
248
274
436
249
275
437
250
276
438
251
277
439
252
278
440
253
279
441
254
280
442
255
281
443
256
282
444
257
283
445
258
284
446
259
285
447
260
286
448
261
287
449
262
288
450
263
289
451
264
290
452
265
291
453
292
454
267
293
268
294
269
295
270
296
271
297
272
298
273
299
274
300
275
301
276
302
277
303
278
304
279
305
280
306
281
307
282
308
283
309
284
310
285
311
286
312
287
313
288
314
289
315
290
316
291
317
292
318
319
294
320
295
321
296
322
297
323
298
324
299
325
300
326
301
327
302
328
303
329
304
330
305
331
306
332
307
333
308
334
309
335
310
336
311
337
312
338
313
339
314
340
315
341
316
342
317
343
318
344
319
345
346
321
347
322
348
323
349
324
350
325
351
326
352
327
353
328
354
329
355
330
356
331
357
332
358
333
359
334
360
335
361
336
362
337
363
338
364
339
365
340
366
341
367
342
368
343
369
344
370
345
371
346
372
373
348
374
349
375
350
376
351
377
352
378
353
379
354
380
355
381
356
382
357
383
358
384
359
385
360
386
361
387
362
388
363
389
364
390
365
391
366
392
367
393
368
394
369
395
370
396
371
397
372
398
373
399
400
375
401
376
402
377
403
378
404
379
405
380
406
381
407
382
408
383
409
384
410
385
411
386
412
387
413
388
414
389
415
390
416
391
417
392
418
393
419
394
420
395
421
396
422
397
423
398
424
399
425
400
426
427
402
403
404
405
406
407
408
409
410
411
412
413
414
415
416
417
418
419
420
421
422
423
424
425
426
427
429
455
1114
430
456
431
457
432
458
433
459
434
460
435
461
436
462
437
463
438
464
439
465
440
466
441
467
442
468
443
469
444
470
445
471
446
472
447
473
448
474
449
475
450
476
451
477
452
478
453
479
454
480
481
456
482
1141
457
483
458
484
459
485
460
486
461
487
462
488
463
489
464
490
465
491
466
492
467
493
468
494
469
495
470
496
471
497
472
498
473
499
474
500
475
501
476
502
477
503
478
504
479
505
480
506
481
507
508
483
509
1168
484
510
485
511
486
512
487
513
488
514
489
515
490
516
491
517
492
518
493
519
494
520
495
521
496
522
497
523
498
524
499
525
500
526
501
527
502
528
503
529
504
530
505
531
506
532
507
533
508
534
510
535
1195
511
536
512
537
513
538
514
539
515
540
516
541
517
542
518
543
519
544
520
545
521
546
522
547
523
548
524
549
525
550
526
551
527
552
528
553
529
554
530
555
531
556
532
557
533
558
534
559
560
536
561
1221
537
562
538
563
539
564
540
565
541
566
542
567
543
568
544
569
545
570
546
571
547
572
548
573
549
574
550
575
551
576
552
577
553
578
554
579
555
580
556
581
557
582
558
583
559
584
560
585
586
562
587
1247
563
588
564
589
565
590
566
591
567
592
568
593
569
594
570
595
571
596
572
597
573
598
574
599
575
600
576
601
577
602
578
603
579
604
580
605
581
606
582
607
583
608
584
609
585
610
586
611
588
612
1273
589
613
590
614
591
615
592
616
593
617
594
618
595
619
596
620
597
621
598
622
599
623
600
624
601
625
602
626
603
627
604
628
605
629
606
630
607
631
608
632
609
633
610
634
611
635
613
636
1298
614
637
615
638
616
639
617
640
618
641
619
642
620
643
621
644
622
645
623
646
624
647
625
648
626
649
627
650
628
651
629
652
630
653
631
654
632
655
633
656
634
657
635
658
637
659
1322
638
660
639
661
640
662
641
663
642
664
643
665
644
666
645
667
646
668
647
669
648
670
649
671
650
672
651
673
652
674
653
675
654
676
655
677
656
678
657
658
660
679
1345
661
680
662
681
663
682
664
683
665
684
666
685
667
668
669
670
671
672
673
674
675
676
677
678
680
1365
681
682
683
684
685
687
713
1087
688
714
1088
689
715
1089
690
716
1090
691
717
1091
692
718
1092
693
719
1093
694
720
1094
695
721
1095
696
722
1096
697
723
1097
698
724
1098
699
725
1099
700
726
1100
701
727
1101
702
728
1102
703
729
1103
704
730
1104
705
731
1105
706
732
1106
707
733
1107
708
734
1108
709
735
1109
710
736
1110
711
737
1111
712
738
1112
739
1113
714
740
715
741
716
742
717
743
718
744
719
745
720
746
721
747
722
748
723
749
724
750
725
751
726
752
727
753
728
754
729
755
730
756
731
757
732
758
733
759
734
760
735
761
736
762
737
763
738
764
739
765
766
741
767
742
768
743
769
744
770
745
771
746
772
747
773
748
774
749
775
750
776
751
777
752
778
753
779
754
780
755
781
756
782
757
783
758
784
759
785
760
786
761
787
762
788
763
789
764
790
765
791
766
792
793
768
794
769
795
770
796
771
797
772
798
773
799
774
800
775
801
776
802
777
803
778
804
779
805
780
806
781
807
782
808
783
809
784
810
785
811
786
812
787
813
788
814
789
815
790
816
791
817
792
818
793
819
820
795
821
796
822
797
823
798
824
799
825
800
826
801
827
802
828
803
829
804
830
805
831
806
832
807
833
808
834
809
835
810
836
811
837
812
838
813
839
814
840
815
841
816
842
817
843
818
844
819
845
820
846
822
847
823
848
824
849
825
850
826
851
827
852
828
853
829
854
830
855
831
856
832
857
833
858
834
859
835
860
836
861
837
862
838
863
839
864
840
865
841
866
842
867
843
868
844
869
845
870
846
871
872
848
873
849
874
850
875
851
876
852
877
853
878
854
879
855
880
856
881
857
882
858
883
859
884
860
885
861
886
862
887
863
888
864
889
865
890
866
891
867
892
868
893
869
894
870
895
871
896
872
897
898
874
899
875
900
876
901
877
902
878
903
879
904
880
905
881
906
882
907
883
908
884
909
885
910
886
911
887
912
888
913
889
914
890
915
891
916
892
917
893
918
894
919
895
920
896
921
897
922
898
923
924
900
901
902
903
904
905
906
907
908
909
910
911
912
913
914
915
916
917
918
919
920
921
922
923
924
926
952
1114
927
953
1115
928
954
1116
929
955
1117
930
956
1118
931
957
1119
932
958
1120
933
959
1121
934
960
1122
935
961
1123
936
962
1124
937
963
1125
938
964
1126
939
965
1127
940
966
1128
941
967
1129
942
968
1130
943
969
1131
944
970
1132
945
971
1133
946
972
1134
947
973
1135
948
974
1136
949
975
1137
950
976
1138
951
977
1139
978
1140
953
979
954
980
955
981
956
982
957
983
958
984
959
985
960
986
961
987
962
988
963
989
964
990
965
991
966
992
967
993
968
994
969
995
970
996
971
997
972
998
973
999
974
1000
975
1001
976
1002
977
1003
978
1004
1005
980
1006
981
1007
982
1008
983
1009
984
1010
985
1011
986
1012
987
1013
988
1014
989
1015
990
1016
991
1017
992
1018
993
1019
994
1020
995
1021
996
1022
997
1023
998
1024
999
1025
1000
1026
1001
1027
1002
1028
1003
1029
1004
1030
1005
1031
1032
1007
1033
1008
1034
1009
1035
1010
1036
1011
1037
1012
1038
1013
1039
1014
1040
1015
1041
1016
1042
1017
1043
1018
1044
1019
1045
1020
1046
1021
1047
1022
1048
1023
1049
1024
1050
1025
1051
1026
1052
1027
1053
1028
1054
1029
1055
1030
1056
1031
1057
1032
1058
1059
1034
1060
1035
1061
1036
1062
1037
1063
1038
1064
1039
1065
1040
1066
1041
1067
1042
1068
1043
1069
1044
1070
1045
1071
1046
1072
1047
1073
1048
1074
1049
1075
1050
1076
1051
1077
1052
1078
1053
1079
1054
1080
1055
1081
1056
1082
1057
1083
1058
1084
1059
1085
1086
1061
1087
1062
1088
1063
1089
1064
1090
1065
1091
1066
1092
1067
1093
1068
1094
1069
1095
1070
1096
1071
1097
1072
1098
1073
1099
1074
1100
1075
1101
1076
1102
1077
1103
1078
1104
1079
1105
1080
1106
1081
1107
1082
1108
1083
1109
1084
1110
1085
1111
1086
1112
1113
1088
1089
1090
1091
1092
1093
1094
1095
1096
1097
1098
1099
1100
1101
1102
1103
1104
1105
1106
1107
1108
1109
1110
1111
1112
1113
1115
1141
1116
1142
1117
1143
1118
1144
1119
1145
1120
1146
1121
1147
1122
1148
1123
1149
1124
1150
1125
1151
1126
1152
1127
1153
1128
1154
1129
1155
1130
1156
1131
1157
1132
1158
1133
1159
1134
1160
1135
1161
1136
1162
1137
1163
1138
1164
1139
1165
1140
1166
1167
1142
1168
1143
1169
1144
1170
1145
1171
1146
1172
1147
1173
1148
1174
1149
1175
1150
1176
1151
1177
1152
1178
1153
1179
1154
1180
1155
1181
1156
1182
1157
1183
1158
1184
1159
1185
1160
1186
1161
1187
1162
1188
1163
1189
1164
1190
1165
1191
1166
1192
1167
1193
1194
1169
1195
1170
1196
1171
1197
1172
1198
1173
1199
1174
1200
1175
1201
1176
1202
1177
1203
1178
1204
1179
1205
1180
1206
1181
1207
1182
1208
1183
1209
1184
1210
1185
1211
1186
1212
1187
1213
1188
1214
1189
1215
1190
1216
1191
1217
1192
1218
1193
1219
1194
1220
1196
1221
1197
1222
1198
1223
1199
1224
1200
1225
1201
1226
1202
1227
1203
1228
1204
1229
1205
1230
1206
1231
1207
1232
1208
1233
1209
1234
1210
1235
1211
1236
1212
1237
1213
1238
1214
1239
1215
1240
1216
1241
1217
1242
1218
1243
1219
1244
1220
1245
1246
1222
1247
1223
1248
1224
1249
1225
1250
1226
1251
1227
1252
1228
1253
1229
1254
1230
1255
1231
1256
1232
1257
1233
1258
1234
1259
1235
1260
1236
1261
1237
1262
1238
1263
1239
1264
1240
1265
1241
1266
1242
1267
1243
1268
1244
1269
1245
1270
1246
1271
1272
1248
1273
1249
1274
1250
1275
1251
1276
1252
1277
1253
1278
1254
1279
1255
1280
1256
1281
1257
1282
1258
1283
1259
1284
1260
1285
1261
1286
1262
1287
1263
1288
1264
1289
1265
1290
1266
1291
1267
1292
1268
1293
1269
1294
1270
1295
1271
1296
1272
1297
1274
1298
1275
1299
1276
1300
1277
1301
1278
1302
1279
1303
1280
1304
1281
1305
1282
1306
1283
1307
1284
1308
1285
1309
1286
1310
1287
1311
1288
1312
1289
1313
1290
1314
1291
1315
1292
1316
1293
1317
1294
1318
1295
1319
1296
1320
1297
1321
1299
1322
1300
1323
1301
1324
1302
1325
1303
1326
1304
1327
1305
1328
1306
1329
1307
1330
1308
1331
1309
1332
1310
1333
1311
1334
1312
1335
1313
1336
1314
1337
1315
1338
1316
1339
1317
1340
1318
1341
1319
1342
1320
1343
1321
1344
1323
1345
1324
1346
1325
1347
1326
1348
1327
1349
1328
1350
1329
1351
1330
1352
1331
1353
1332
1354
1333
1355
1334
1356
1335
1357
1336
1358
1337
1359
1338
1360
1339
1361
1340
1362
1341
1363
1342
1364
1343
1344
1346
1365
1347
1366
1348
1367
1349
1368
1350
1369
1351
1370
1352
1371
1353
1354
1355
1356
1357
1358
1359
1360
1361
1362
1363
1364
1366
1367
1368
1369
1370
1371
1373
1380
1496
1374
1381
1497
1375
1382
1498
1376
1383
1499
1377
1384
1500
1378
1385
1501
1379
1386
1502
1387
1503
1381
1388
1382
1389
1383
1390
1384
1391
1385
1392
1386
1393
1387
1394
1395
1389
1396
1390
1397
1391
1398
1392
1399
1393
1400
1394
1401
1395
1402
1403
1397
1404
1398
1405
1399
1406
1400
1407
1401
1408
1402
1409
1403
1410
1411
1405
1413
1406
1414
1407
1415
1408
1416
1409
1417
1410
1418
1411
1419
1420
1413
1421
1414
1422
1415
1423
1416
1424
1417
1425
1418
1426
1419
1427
1420
1428
1429
1422
1430
1423
1431
1424
1432
1425
1433
1426
1434
1427
1435
1428
1436
1429
1437
1438
1431
1439
1432
1440
1433
1441
1434
1442
1435
1443
1436
1444
1437
1445
1438
1446
1447
1440
2538
1441
2539
1442
2540
1443
2541
1444
2542
1445
2543
1446
2544
1447
2545
2546
1449
1456
1504
1450
1457
1505
1451
1458
1506
1452
1459
1507
1453
1460
1508
1454
1461
1509
1455
1462
1510
1463
1511
1457
1464
1458
1465
1459
1466
1460
1467
1461
1468
1462
1469
1463
1470
1471
1465
1472
1466
1473
1467
1474
1468
1475
1469
1476
1470
1477
1471
1478
1479
1473
1480
1474
1481
1475
1482
1476
1483
1477
1484
1478
1485
1479
1486
1487
1481
1488
1482
1489
1483
1490
1484
1491
1485
1492
1486
1493
1487
1494
1495
1489
1496
1490
1497
1491
1498
1492
1499
1493
1500
1494
1501
1495
1502
1503
1497
1498
1499
1500
1501
1502
1503
1505
1512
1506
1513
1507
1514
1508
1515
1509
1516
1510
1517
1511
1518
1519
1513
1520
1514
1521
1515
1522
1516
1523
1517
1524
1518
1525
1519
1526
1527
1521
1529
1522
1530
1523
1531
1524
1532
1525
1533
1526
1534
1527
1535
1536
1529
1537
1530
1538
1531
1539
1532
1540
1533
1541
1534
1542
1535
1543
1536
1544
1545
1538
1546
1539
1547
1540
1548
1541
1549
1542
1550
1543
1551
1544
1552
1545
1553
1554
1547
1556
1548
1557
1549
1558
1550
1559
1551
1560
1552
1561
1553
1562
1554
1563
1564
1556
1566
1557
1567
1558
1568
1559
1569
1560
1570
1561
1571
1562
1572
1563
1573
1564
1574
1575
1566
1577
1567
1578
1568
1579
1569
1580
1570
1581
1571
1582
1572
1583
1573
1584
1574
1585
1575
1586
1587
1577
1591
1578
1592
1579
1593
1580
1594
1581
1595
1582
1596
1583
1597
1584
1598
1585
1599
1586
1600
1587
1601
1602
1589
1616
1590
1617
1591
1618
1592
1619
1593
1620
1594
1621
1595
1622
1596
1623
1597
1624
1598
1625
1599
1626
1600
1627
1601
1628
1602
1629
1630
1604
1638
1605
1639
1606
1640
1607
1641
1608
1642
1609
1643
1610
1644
1611
1645
1612
1646
1613
1647
1614
1648
1615
1649
1616
1650
1617
1651
1618
1652
1619
1653
1620
1654
1621
1655
1622
1656
1623
1657
1624
1658
1625
1659
1626
1660
1627
1661
1628
1662
1629
1663
1630
1664
1665
1632
1666
2730
1633
1667
1634
1668
1635
1669
1636
1670
1637
1671
1638
1672
1639
1673
1640
1674
1641
1675
1642
1676
1643
1677
1644
1678
1645
1679
1646
1680
1647
1681
1648
1682
1649
1683
1650
1684
1651
1685
1652
1686
1653
1687
1654
1688
1655
1689
1656
1690
1657
1691
1658
1692
1659
1693
1660
1694
1661
1695
1662
1696
1663
1697
1664
1698
1665
1699
1700
1667
1701
2765
1668
1702
1669
1703
1670
1704
1671
1705
1672
1706
1673
1707
1674
1708
1675
1709
1676
1710
1677
1711
1678
1712
1679
1713
1680
1714
1681
1715
1682
1716
1683
1717
1684
1718
1685
1719
1686
1720
1687
1721
1688
1722
1689
1723
1690
1724
1691
1725
1692
1726
1693
1727
1694
1728
1695
1729
1696
1730
1697
1731
1698
1732
1699
1733
1700
1734
1735
1702
1736
2800
1703
1737
1704
1738
1705
1739
1706
1740
1707
1741
1708
1742
1709
1743
1710
1744
1711
1745
1712
1746
1713
1747
1714
1748
1715
1749
1716
1750
1717
1751
1718
1752
1719
1753
1720
1754
1721
1755
1722
1756
1723
1757
1724
1758
1725
1759
1726
1760
1727
1761
1728
1762
1729
1763
1730
1764
1731
1765
1732
1766
1733
1767
1734
1768
1735
1769
1770
1737
1771
2835
1738
1772
1739
1773
1740
1774
1741
1775
1742
1776
1743
1777
1744
1778
1745
1779
1746
1780
1747
1781
1748
1782
1749
1783
1750
1784
1751
1785
1752
1786
1753
1787
1754
1788
1755
1789
1756
1790
1757
1791
1758
1792
1759
1793
1760
1794
1761
1795
1762
1796
1763
1797
1764
1798
1765
1799
1766
1800
1767
1801
1768
1802
1769
1803
1770
1804
1805
1772
1806
2870
1773
1807
1774
1808
1775
1809
1776
1810
1777
1811
1778
1812
1779
1813
1780
1814
1781
1815
1782
1816
1783
1817
1784
1818
1785
1819
1786
1820
1787
1821
1788
1822
1789
1823
1790
1824
1791
1825
1792
1826
1793
1827
1794
1828
1795
1829
1796
1830
1797
1831
1798
1832
1799
1833
1800
1834
1801
1835
1802
1836
1803
1837
1804
1838
1805
1839
1840
1807
1841
2905
1808
1842
1809
1843
1810
1844
1811
1845
1812
1846
1813
1847
1814
1848
1815
1849
1816
1850
1817
1851
1818
1852
1819
1853
1820
1854
1821
1855
1822
1856
1823
1857
1824
1858
1825
1859
1826
1860
1827
1861
1828
1862
1829
1863
1830
1864
1831
1865
1832
1866
1833
1867
1834
1868
1835
1869
1836
1870
1837
1871
1838
1872
1839
1873
1840
1874
1875
1842
1876
2940
1843
1877
1844
1878
1845
1879
1846
1880
1847
1881
1848
1882
1849
1883
1850
1884
1851
1885
1852
1886
1853
1887
1854
1888
1855
1889
1856
1890
1857
1891
1858
1892
1859
1893
1860
1894
1861
1895
1862
1896
1863
1897
1864
1898
1865
1899
1866
1900
1867
1901
1868
1902
1869
1903
1870
1904
1871
1905
1872
1906
1873
1907
1874
1908
1875
1909
1910
1877
1911
2975
1878
1912
1879
1913
1880
1914
1881
1915
1882
1916
1883
1917
1884
1918
1885
1919
1886
1920
1887
1921
1888
1922
1889
1923
1890
1924
1891
1925
1892
1926
1893
1927
1894
1928
1895
1929
1896
1930
1897
1931
1898
1932
1899
1933
1900
1934
1901
1935
1902
1936
1903
1937
1904
1938
1905
1939
1906
1940
1907
1941
1908
1942
1909
1943
1910
1944
1945
1912
1946
3010
1913
1947
1914
1948
1915
1949
1916
1950
1917
1951
1918
1952
1919
1953
1920
1954
1921
1955
1922
1956
1923
1957
1924
1958
1925
1959
1926
1960
1927
1961
1928
1962
1929
1963
1930
1964
1931
1965
1932
1966
1933
1967
1934
1968
1935
1969
1936
1970
1937
1971
1938
1972
1939
1973
1940
1974
1941
1975
1942
1976
1943
1977
1944
1978
1945
1979
1980
1947
1981
3045
1948
1982
1949
1983
1950
1984
1951
1985
1952
1986
1953
1987
1954
1988
1955
1989
1956
1990
1957
1991
1958
1992
1959
1993
1960
1994
1961
1995
1962
1996
1963
1997
1964
1998
1965
1999
1966
2000
1967
2001
1968
2002
1969
2003
1970
2004
1971
2005
1972
2006
1973
2007
1974
2008
1975
2009
1976
2010
1977
2011
1978
2012
1979
2013
1980
2014
2015
1982
2016
3080
1983
2017
1984
2018
1985
2019
1986
2020
1987
2021
1988
2022
1989
2023
1990
2024
1991
2025
1992
2026
1993
2027
1994
2028
1995
2029
1996
2030
1997
2031
1998
2032
1999
2033
2000
2034
2001
2035
2002
2036
2003
2037
2004
2038
2005
2039
2006
2040
2007
2041
2008
2042
2009
2043
2010
2044
2011
2045
2012
2046
2013
2047
2014
2048
2015
2049
2050
2017
2051
3115
2018
2052
2019
2053
2020
2054
2021
2055
2022
2056
2023
2057
2024
2058
2025
2059
2026
2060
2027
2061
2028
2062
2029
2063
2030
2064
2031
2065
2032
2066
2033
2067
2034
2068
2035
2069
2036
2070
2037
2071
2038
2072
2039
2073
2040
2074
2041
2075
2042
2076
2043
2077
2044
2078
2045
2079
2046
2080
2047
2081
2048
2082
2049
2083
2050
2084
2085
2052
2086
3150
2053
2087
2054
2088
2055
2089
2056
2090
2057
2091
2058
2092
2059
2093
2060
2094
2061
2095
2062
2096
2063
2097
2064
2098
2065
2099
2066
2100
2067
2101
2068
2102
2069
2103
2070
2104
2071
2105
2072
2106
2073
2107
2074
2108
2075
2109
2076
2110
2077
2111
2078
2112
2079
2113
2080
2114
2081
2115
2082
2116
2083
2117
2084
2118
2085
2119
2120
2087
2121
3185
2088
2122
2089
2123
2090
2124
2091
2125
2092
2126
2093
2127
2094
2128
2095
2129
2096
2130
2097
2131
2098
2132
2099
2133
2100
2134
2101
2135
2102
2136
2103
2137
2104
2138
2105
2139
2106
2140
2107
2141
2108
2142
2109
2143
2110
2144
2111
2145
2112
2146
2113
2147
2114
2148
2115
2149
2116
2150
2117
2151
2118
2152
2119
2153
2120
2154
2155
2122
2156
3220
2123
2157
2124
2158
2125
2159
2126
2160
2127
2161
2128
2162
2129
2163
2130
2164
2131
2165
2132
2166
2133
2167
2134
2168
2135
2169
2136
2170
2137
2171
2138
2172
2139
2173
2140
2174
2141
2175
2142
2176
2143
2177
2144
2178
2145
2179
2146
2180
2147
2181
2148
2182
2149
2183
2150
2184
2151
2185
2152
2186
2153
2187
2154
2188
2155
2189
2190
2157
2191
3255
2158
2192
2159
2193
2160
2194
2161
2195
2162
2196
2163
2197
2164
2198
2165
2199
2166
2200
2167
2201
2168
2202
2169
2203
2170
2204
2171
2205
2172
2206
2173
2207
2174
2208
2175
2209
2176
2210
2177
2211
2178
2212
2179
2213
2180
2214
2181
2215
2182
2216
2183
2217
2184
2218
2185
2219
2186
2220
2187
2221
2188
2222
2189
2223
2190
2224
2225
2192
2226
3290
2193
2227
2194
2228
2195
2229
2196
2230
2197
2231
2198
2232
2199
2233
2200
2234
2201
2235
2202
2236
2203
2237
2204
2238
2205
2239
2206
2240
2207
2241
2208
2242
2209
2243
2210
2244
2211
2245
2212
2246
2213
2247
2214
2248
2215
2249
2216
2250
2217
2251
2218
2252
2219
2253
2220
2254
2221
2255
2222
2256
2223
2257
2224
2258
2225
2259
2260
2227
2261
3325
2228
2262
2229
2263
2230
2264
2231
2265
2232
2266
2233
2267
2234
2268
2235
2269
2236
2270
2237
2271
2238
2272
2239
2273
2240
2274
2241
2275
2242
2276
2243
2277
2244
2278
2245
2279
2246
2280
2247
2281
2248
2282
2249
2283
2250
2284
2251
2285
2252
2286
2253
2287
2254
2288
2255
2289
2256
2290
2257
2291
2258
2292
2259
2293
2260
2294
2295
2262
2296
3360
2263
2297
2264
2298
2265
2299
2266
2300
2267
2301
2268
2302
2269
2303
2270
2304
2271
2305
2272
2306
2273
2307
2274
2308
2275
2309
2276
2310
2277
2311
2278
2312
2279
2313
2280
2314
2281
2315
2282
2316
2283
2317
2284
2318
2285
2319
2286
2320
2287
2321
2288
2322
2289
2323
2290
2324
2291
2325
2292
2326
2293
2327
2294
2328
2295
2329
2330
2297
2331
3395
2298
2332
2299
2333
2300
2334
2301
2335
2302
2336
2303
2337
2304
2338
2305
2339
2306
2340
2307
2341
2308
2342
2309
2343
2310
2344
2311
2345
2312
2346
2313
2347
2314
2348
2315
2349
2316
2350
2317
2351
2318
2352
2319
2353
2320
2354
2321
2355
2322
2356
2323
2357
2324
2358
2325
2359
2326
2360
2327
2361
2328
2362
2329
2363
2330
2364
2365
2332
2366
3430
2333
2367
2334
2368
2335
2369
2336
2370
2337
2371
2338
2372
2339
2373
2340
2374
2341
2375
2342
2376
2343
2377
2344
2378
2345
2379
2346
2380
2347
2381
2348
2382
2349
2383
2350
2384
2351
2385
2352
2386
2353
2387
2354
2388
2355
2389
2356
2390
2357
2391
2358
2392
2359
2393
2360
2394
2361
2395
2362
2396
2363
2397
2364
2398
2365
2399
2400
2367
2401
3465
2368
2402
2369
2403
2370
2404
2371
2405
2372
2406
2373
2407
2374
2408
2375
2409
2376
2410
2377
2411
2378
2412
2379
2413
2380
2414
2381
2415
2382
2416
2383
2417
2384
2418
2385
2419
2386
2420
2387
2421
2388
2422
2389
2423
2390
2424
2391
2425
2392
2426
2393
2427
2394
2428
2395
2429
2396
2430
2397
2431
2398
2432
2399
2433
2400
2434
2435
2402
2436
3500
2403
2437
2404
2438
2405
2439
2406
2440
2407
2441
2408
2442
2409
2443
2410
2444
2411
2445
2412
2446
2413
2447
2414
2448
2415
2449
2416
2450
2417
2451
2418
2452
2419
2453
2420
2454
2421
2455
2422
2456
2423
2457
2424
2458
2425
2459
2426
2460
2427
2461
2428
2462
2429
2463
2430
2464
2431
2465
2432
2466
2433
2467
2434
2468
2435
2469
2470
2437
3535
2438
2439
2440
2441
2442
2443
2444
2445
2446
2447
2448
2449
2450
2451
2452
2453
2454
2455
2456
2457
2458
2459
2460
2461
2462
2463
2464
2465
2466
2467
2468
2469
2470
2472
2479
2595
2473
2480
2596
2474
2481
2597
2475
2482
2598
2476
2483
2599
2477
2484
2600
2478
2485
2601
2486
2602
2480
2487
2481
2488
2482
2489
2483
2490
2484
2491
2485
2492
2486
2493
2494
2488
2495
2489
2496
2490
2497
2491
2498
2492
2499
2493
2500
2494
2501
2502
2496
2503
2497
2504
2498
2505
2499
2506
2500
2507
2501
2508
2502
2509
2510
2504
2512
2505
2513
2506
2514
2507
2515
2508
2516
2509
2517
2510
2518
2519
2512
2520
2513
2521
2514
2522
2515
2523
2516
2524
2517
2525
2518
2526
2519
2527
2528
2521
2529
2522
2530
2523
2531
2524
2532
2525
2533
2526
2534
2527
2535
2528
2536
2537
2530
2538
2531
2539
2532
2540
2533
2541
2534
2542
2535
2543
2536
2544
2537
2545
2546
2539
2540
2541
2542
2543
2544
2545
2546
2548
2555
2603
2549
2556
2604
2550
2557
2605
2551
2558
2606
2552
2559
2607
2553
2560
2608
2554
2561
2609
2562
2610
2556
2563
2557
2564
2558
2565
2559
2566
2560
2567
2561
2568
2562
2569
2570
2564
2571
2565
2572
2566
2573
2567
2574
2568
2575
2569
2576
2570
2577
2578
2572
2579
2573
2580
2574
2581
2575
2582
2576
2583
2577
2584
2578
2585
2586
2580
2587
2581
2588
2582
2589
2583
2590
2584
2591
2585
2592
2586
2593
2594
2588
2595
2589
2596
2590
2597
2591
2598
2592
2599
2593
2600
2594
2601
2602
2596
2597
2598
2599
2600
2601
2602
2604
2611
2605
2612
2606
2613
2607
2614
2608
2615
2609
2616
2610
2617
2618
2612
2619
2613
2620
2614
2621
2615
2622
2616
2623
2617
2624
2618
2625
2626
2620
2628
2621
2629
2622
2630
2623
2631
2624
2632
2625
2633
2626
2634
2635
2628
2636
2629
2637
2630
2638
2631
2639
2632
2640
2633
2641
2634
2642
2635
2643
2644
2637
2645
2638
2646
2639
2647
2640
2648
2641
2649
2642
2650
2643
2651
2644
2652
2653
2646
2655
2647
2656
2648
2657
2649
2658
2650
2659
2651
2660
2652
2661
2653
2662
2663
2655
2665
2656
2666
2657
2667
2658
2668
2659
2669
2660
2670
2661
2671
2662
2672
2663
2673
2674
2665
2676
2666
2677
2667
2678
2668
2679
2669
2680
2670
2681
2671
2682
2672
2683
2673
2684
2674
2685
2686
2676
2690
2677
2691
2678
2692
2679
2693
2680
2694
2681
2695
2682
2696
2683
2697
2684
2698
2685
2699
2686
2700
2701
2688
2715
2689
2716
2690
2717
2691
2718
2692
2719
2693
2720
2694
2721
2695
2722
2696
2723
2697
2724
2698
2725
2699
2726
2700
2727
2701
2728
2729
2703
2737
2704
2738
2705
2739
2706
2740
2707
2741
2708
2742
2709
2743
2710
2744
2711
2745
2712
2746
2713
2747
2714
2748
2715
2749
2716
2750
2717
2751
2718
2752
2719
2753
2720
2754
2721
2755
2722
2756
2723
2757
2724
2758
2725
2759
2726
2760
2727
2761
2728
2762
2729
2763
2764
2731
2765
2732
2766
2733
2767
2734
2768
2735
2769
2736
2770
2737
2771
2738
2772
2739
2773
2740
2774
2741
2775
2742
2776
2743
2777
2744
2778
2745
2779
2746
2780
2747
2781
2748
2782
2749
2783
2750
2784
2751
2785
2752
2786
2753
2787
2754
2788
2755
2789
2756
2790
2757
2791
2758
2792
2759
2793
2760
2794
2761
2795
2762
2796
2763
2797
2764
2798
2799
2766
2800
2767
2801
2768
2802
2769
2803
2770
2804
2771
2805
2772
2806
2773
2807
2774
2808
2775
2809
2776
2810
2777
2811
2778
2812
2779
2813
2780
2814
2781
2815
2782
2816
2783
2817
2784
2818
2785
2819
2786
2820
2787
2821
2788
2822
2789
2823
2790
2824
2791
2825
2792
2826
2793
2827
2794
2828
2795
2829
2796
2830
2797
2831
2798
2832
2799
2833
2834
2801
2835
2802
2836
2803
2837
2804
2838
2805
2839
2806
2840
2807
2841
2808
2842
2809
2843
2810
2844
2811
2845
2812
2846
2813
2847
2814
2848
2815
2849
2816
2850
2817
2851
2818
2852
2819
2853
2820
2854
2821
2855
2822
2856
2823
2857
2824
2858
2825
2859
2826
2860
2827
2861
2828
2862
2829
2863
2830
2864
2831
2865
2832
2866
2833
2867
2834
2868
2869
2836
2870
2837
2871
2838
2872
2839
2873
2840
2874
2841
2875
2842
2876
2843
2877
2844
2878
2845
2879
2846
2880
2847
2881
2848
2882
2849
2883
2850
2884
2851
2885
2852
2886
2853
2887
2854
2888
2855
2889
2856
2890
2857
2891
2858
2892
2859
2893
2860
2894
2861
2895
2862
2896
2863
2897
2864
2898
2865
2899
2866
2900
2867
2901
2868
2902
2869
2903
2904
2871
2905
2872
2906
2873
2907
2874
2908
2875
2909
2876
2910
2877
2911
2878
2912
2879
2913
2880
2914
2881
2915
2882
2916
2883
2917
2884
2918
2885
2919
2886
2920
2887
2921
2888
2922
2889
2923
2890
2924
2891
2925
2892
2926
2893
2927
2894
2928
2895
2929
2896
2930
2897
2931
2898
2932
2899
2933
2900
2934
2901
2935
2902
2936
2903
2937
2904
2938
2939
2906
2940
2907
2941
2908
2942
2909
2943
2910
2944
2911
2945
2912
2946
2913
2947
2914
2948
2915
2949
2916
2950
2917
2951
2918
2952
2919
2953
2920
2954
2921
2955
2922
2956
2923
2957
2924
2958
2925
2959
2926
2960
2927
2961
2928
2962
2929
2963
2930
2964
2931
2965
2932
2966
2933
2967
2934
2968
2935
2969
2936
2970
2937
2971
2938
2972
2939
2973
2974
2941
2975
2942
2976
2943
2977
2944
2978
2945
2979
2946
2980
2947
2981
2948
2982
2949
2983
2950
2984
2951
2985
2952
2986
2953
2987
2954
2988
2955
2989
2956
2990
2957
2991
2958
2992
2959
2993
2960
2994
2961
2995
2962
2996
2963
2997
2964
2998
2965
2999
2966
3000
2967
3001
2968
3002
2969
3003
2970
3004
2971
3005
2972
3006
2973
3007
2974
3008
3009
2976
3010
2977
3011
2978
3012
2979
3013
2980
3014
2981
3015
2982
3016
2983
3017
2984
3018
2985
3019
2986
3020
2987
3021
2988
3022
2989
3023
2990
3024
2991
3025
2992
3026
2993
3027
2994
3028
2995
3029
2996
3030
2997
3031
2998
3032
2999
3033
3000
3034
3001
3035
3002
3036
3003
3037
3004
3038
3005
3039
3006
3040
3007
3041
3008
3042
3009
3043
3044
3011
3045
3012
3046
3013
3047
3014
3048
3015
3049
3016
3050
3017
3051
3018
3052
3019
3053
3020
3054
3021
3055
3022
3056
3023
3057
3024
3058
3025
3059
3026
3060
3027
3061
3028
3062
3029
3063
3030
3064
3031
3065
3032
3066
3033
3067
3034
3068
3035
3069
3036
3070
3037
3071
3038
3072
3039
3073
3040
3074
3041
3075
3042
3076
3043
3077
3044
3078
3079
3046
3080
3047
3081
3048
3082
3049
3083
3050
3084
3051
3085
3052
3086
3053
3087
3054
3088
3055
3089
3056
3090
3057
3091
3058
3092
3059
3093
3060
3094
3061
3095
3062
3096
3063
3097
3064
3098
3065
3099
3066
3100
3067
3101
3068
3102
3069
3103
3070
3104
3071
3105
3072
3106
3073
3107
3074
3108
3075
3109
3076
3110
3077
3111
3078
3112
3079
3113
3114
3081
3115
3082
3116
3083
3117
3084
3118
3085
3119
3086
3120
3087
3121
3088
3122
3089
3123
3090
3124
3091
3125
3092
3126
3093
3127
3094
3128
3095
3129
3096
3130
3097
3131
3098
3132
3099
3133
3100
3134
3101
3135
3102
3136
3103
3137
3104
3138
3105
3139
3106
3140
3107
3141
3108
3142
3109
3143
3110
3144
3111
3145
3112
3146
3113
3147
3114
3148
3149
3116
3150
3117
3151
3118
3152
3119
3153
3120
3154
3121
3155
3122
3156
3123
3157
3124
3158
3125
3159
3126
3160
3127
3161
3128
3162
3129
3163
3130
3164
3131
3165
3132
3166
3133
3167
3134
3168
3135
3169
3136
3170
3137
3171
3138
3172
3139
3173
3140
3174
3141
3175
3142
3176
3143
3177
3144
3178
3145
3179
3146
3180
3147
3181
3148
3182
3149
3183
3184
3151
3185
3152
3186
3153
3187
3154
3188
3155
3189
3156
3190
3157
3191
3158
3192
3159
3193
3160
3194
3161
3195
3162
3196
3163
3197
3164
3198
3165
3199
3166
3200
3167
3201
3168
3202
3169
3203
3170
3204
3171
3205
3172
3206
3173
3207
3174
3208
3175
3209
3176
3210
3177
3211
3178
3212
3179
3213
3180
3214
3181
3215
3182
3216
3183
3217
3184
3218
3219
3186
3220
3187
3221
3188
3222
3189
3223
3190
3224
3191
3225
3192
3226
3193
3227
3194
3228
3195
3229
3196
3230
3197
3231
3198
3232
3199
3233
3200
3234
3201
3235
3202
3236
3203
3237
3204
3238
3205
3239
3206
3240
3207
3241
3208
3242
3209
3243
3210
3244
3211
3245
3212
3246
3213
3247
3214
3248
3215
3249
3216
3250
3217
3251
3218
3252
3219
3253
3254
3221
3255
3222
3256
3223
3257
3224
3258
3225
3259
3226
3260
3227
3261
3228
3262
3229
3263
3230
3264
3231
3265
3232
3266
3233
3267
3234
3268
3235
3269
3236
3270
3237
3271
3238
3272
3239
3273
3240
3274
3241
3275
3242
3276
3243
3277
3244
3278
3245
3279
3246
3280
3247
3281
3248
3282
3249
3283
3250
3284
3251
3285
3252
3286
3253
3287
3254
3288
3289
3256
3290
3257
3291
3258
3292
3259
3293
3260
3294
3261
3295
3262
3296
3263
3297
3264
3298
3265
3299
3266
3300
3267
3301
3268
3302
3269
3303
3270
3304
3271
3305
3272
3306
3273
3307
3274
3308
3275
3309
3276
3310
3277
3311
3278
3312
3279
3313
3280
3314
3281
3315
3282
3316
3283
3317
3284
3318
3285
3319
3286
3320
3287
3321
3288
3322
3289
3323
3324
3291
3325
3292
3326
3293
3327
3294
3328
3295
3329
3296
3330
3297
3331
3298
3332
3299
3333
3300
3334
3301
3335
3302
3336
3303
3337
3304
3338
3305
3339
3306
3340
3307
3341
3308
3342
3309
3343
3310
3344
3311
3345
3312
3346
3313
3347
3314
3348
3315
3349
3316
3350
3317
3351
3318
3352
3319
3353
3320
3354
3321
3355
3322
3356
3323
3357
3324
3358
3359
3326
3360
3327
3361
3328
3362
3329
3363
3330
3364
3331
3365
3332
3366
3333
3367
3334
3368
3335
3369
3336
3370
3337
3371
3338
3372
3339
3373
3340
3374
3341
3375
3342
3376
3343
3377
3344
3378
3345
3379
3346
3380
3347
3381
3348
3382
3349
3383
3350
3384
3351
3385
3352
3386
3353
3387
3354
3388
3355
3389
3356
3390
3357
3391
3358
3392
3359
3393
3394
3361
3395
3362
3396
3363
3397
3364
3398
3365
3399
3366
3400
3367
3401
3368
3402
3369
3403
3370
3404
3371
3405
3372
3406
3373
3407
3374
3408
3375
3409
3376
3410
3377
3411
3378
3412
3379
3413
3380
3414
3381
3415
3382
3416
3383
3417
3384
3418
3385
3419
3386
3420
3387
3421
3388
3422
3389
3423
3390
3424
3391
3425
3392
3426
3393
3427
3394
3428
3429
3396
3430
3397
3431
3398
3432
3399
3433
3400
3434
3401
3435
3402
3436
3403
3437
3404
3438
3405
3439
3406
3440
3407
3441
3408
3442
3409
3443
3410
3444
3411
3445
3412
3446
3413
3447
3414
3448
3415
3449
3416
3450
3417
3451
3418
3452
3419
3453
3420
3454
3421
3455
3422
3456
3423
3457
3424
3458
3425
3459
3426
3460
3427
3461
3428
3462
3429
3463
3464
3431
3465
3432
3466
3433
3467
3434
3468
3435
3469
3436
3470
3437
3471
3438
3472
3439
3473
3440
3474
3441
3475
3442
3476
3443
3477
3444
3478
3445
3479
3446
3480
3447
3481
3448
3482
3449
3483
3450
3484
3451
3485
3452
3486
3453
3487
3454
3488
3455
3489
3456
3490
3457
3491
3458
3492
3459
3493
3460
3494
3461
3495
3462
3496
3463
3497
3464
3498
3499
3466
3500
3467
3501
3468
3502
3469
3503
3470
3504
3471
3505
3472
3506
3473
3507
3474
3508
3475
3509
3476
3510
3477
3511
3478
3512
3479
3513
3480
3514
3481
3515
3482
3516
3483
3517
3484
3518
3485
3519
3486
3520
3487
3521
3488
3522
3489
3523
3490
3524
3491
3525
3492
3526
3493
3527
3494
3528
3495
3529
3496
3530
3497
3531
3498
3532
3499
3533
3534
3501
3535
3502
3536
3503
3537
3504
3538
3505
3539
3506
3540
3507
3541
3508
3542
3509
3543
3510
3544
3511
3545
3512
3546
3513
3547
3514
3548
3515
3549
3516
3550
3517
3551
3518
3552
3519
3553
3520
3554
3521
3555
3522
3556
3523
3557
3524
3558
3525
3559
3526
3560
3527
3561
3528
3562
3529
3563
3530
3564
3531
3565
3532
3566
3533
3567
3534
3568
3569
3536
3537
3538
3539
3540
3541
3542
3543
3544
3545
3546
3547
3548
3549
3550
3551
3552
3553
3554
3555
3556
3557
3558
3559
3560
3561
3562
3563
3564
3565
3566
3567
3568
3569
)


// ************************************************************************* //
