/*--------------------------------*- C++ -*----------------------------------*\
| =========                 |                                                 |
| \\      /  F ield         | OpenFOAM: The Open Source CFD Toolbox           |
|  \\    /   O peration     | Version:  2412                                  |
|   \\  /    A nd           | Website:  www.openfoam.com                      |
|    \\/     M anipulation  |                                                 |
\*---------------------------------------------------------------------------*/
FoamFile
{
    version     2.0;
    format      ascii;
    arch        "LSB;label=32;scalar=64";
    note        "nPoints:14416  nCells:6928  nFaces:27992  nInternalFaces:13534";
    class       labelList;
    location    "constant/polyMesh";
    object      neighbour;
}
// * * * * * * * * * * * * * * * * * * * * * * * * * * * * * * * * * * * * * //


13534
(
1
36
1096
2
37
1097
3
38
1098
4
39
1099
5
40
1100
6
41
1101
7
42
1102
8
43
1103
9
44
1104
10
45
1105
11
46
1106
12
47
1107
13
48
1108
14
49
1109
15
50
1110
16
51
1111
17
52
1112
18
53
1113
19
54
1114
20
55
1115
21
56
1116
22
57
1117
23
58
1118
24
59
1119
25
60
1120
26
61
1121
27
62
1122
28
63
1123
29
64
1124
30
65
1125
31
66
1126
32
67
1127
33
68
1128
34
69
1129
35
70
1130
71
37
72
38
73
39
74
40
75
41
76
42
77
43
78
44
79
45
80
46
81
47
82
48
83
49
84
50
85
51
86
52
87
53
88
54
89
55
90
56
91
57
92
58
93
59
94
60
95
61
96
62
97
63
98
64
99
65
100
66
101
67
102
68
103
69
104
70
105
71
106
107
73
108
74
109
75
110
76
111
77
112
78
113
79
114
80
115
81
116
82
117
83
118
84
119
85
120
86
121
87
122
88
123
89
124
90
125
91
126
92
127
93
128
94
129
95
130
96
131
97
132
98
133
99
134
100
135
101
136
102
137
103
138
104
139
105
140
106
141
107
142
143
109
144
110
145
111
146
112
147
113
148
114
149
115
150
116
151
117
152
118
153
119
154
120
155
121
156
122
157
123
158
124
159
125
160
126
161
127
162
128
163
129
164
130
165
131
166
132
167
133
168
134
169
135
170
136
171
137
172
138
173
139
174
140
175
141
176
142
177
143
178
179
145
180
146
181
147
182
148
183
149
184
150
185
151
186
152
187
153
188
154
189
155
190
156
191
157
192
158
193
159
194
160
195
161
196
162
197
163
198
164
199
165
200
166
201
167
202
168
203
169
204
170
205
171
206
172
207
173
208
174
209
175
210
176
211
177
212
178
213
179
214
215
181
216
182
217
183
218
184
219
185
220
186
221
187
222
188
223
189
224
190
225
191
226
192
227
193
228
194
229
195
230
196
231
197
232
198
233
199
234
200
235
201
236
202
237
203
238
204
239
205
240
206
241
207
242
208
243
209
244
210
245
211
246
212
247
213
248
214
249
215
250
251
217
252
218
253
219
254
220
255
221
256
222
257
223
258
224
259
225
260
226
261
227
262
228
263
229
264
230
265
231
266
232
267
233
268
234
269
235
270
236
271
237
272
238
273
239
274
240
275
241
276
242
277
243
278
244
279
245
280
246
281
247
282
248
283
249
284
250
285
251
286
253
287
254
288
255
289
256
290
257
291
258
292
259
293
260
294
261
295
262
296
263
297
264
298
265
299
266
300
267
301
268
302
269
303
270
304
271
305
272
306
273
307
274
308
275
309
276
310
277
311
278
312
279
313
280
314
281
315
282
316
283
317
284
318
285
319
286
320
321
288
322
289
323
290
324
291
325
292
326
293
327
294
328
295
329
296
330
297
331
298
332
299
333
300
334
301
335
302
336
303
337
304
338
305
339
306
340
307
341
308
342
309
343
310
344
311
345
312
346
313
347
314
348
315
349
316
350
317
351
318
352
319
353
320
354
321
355
356
323
357
324
358
325
359
326
360
327
361
328
362
329
363
330
364
331
365
332
366
333
367
334
368
335
369
336
370
337
371
338
372
339
373
340
374
341
375
342
376
343
377
344
378
345
379
346
380
347
381
348
382
349
383
350
384
351
385
352
386
353
387
354
388
355
389
356
390
391
358
392
359
393
360
394
361
395
362
396
363
397
364
398
365
399
366
400
367
401
368
402
369
403
370
404
371
405
372
406
373
407
374
408
375
409
376
410
377
411
378
412
379
413
380
414
381
415
382
416
383
417
384
418
385
419
386
420
387
421
388
422
389
423
390
424
391
425
393
426
394
427
395
428
396
429
397
430
398
431
399
432
400
433
401
434
402
435
403
436
404
437
405
438
406
439
407
440
408
441
409
442
410
443
411
444
412
445
413
446
414
447
415
448
416
449
417
450
418
451
419
452
420
453
421
454
422
455
423
456
424
457
425
458
459
427
460
428
461
429
462
430
463
431
464
432
465
433
466
434
467
435
468
436
469
437
470
438
471
439
472
440
473
441
474
442
475
443
476
444
477
445
478
446
479
447
480
448
481
449
482
450
483
451
484
452
485
453
486
454
487
455
488
456
489
457
490
458
491
459
492
493
461
494
462
495
463
496
464
497
465
498
466
499
467
500
468
501
469
502
470
503
471
504
472
505
473
506
474
507
475
508
476
509
477
510
478
511
479
512
480
513
481
514
482
515
483
516
484
517
485
518
486
519
487
520
488
521
489
522
490
523
491
524
492
525
493
526
527
495
528
496
529
497
530
498
531
499
532
500
533
501
534
502
535
503
536
504
537
505
538
506
539
507
540
508
541
509
542
510
543
511
544
512
545
513
546
514
547
515
548
516
549
517
550
518
551
519
552
520
553
521
554
522
555
523
556
524
557
525
558
526
559
527
560
561
529
562
530
563
531
564
532
565
533
566
534
567
535
568
536
569
537
570
538
571
539
572
540
573
541
574
542
575
543
576
544
577
545
578
546
579
547
580
548
581
549
582
550
583
551
584
552
585
553
586
554
587
555
588
556
589
557
590
558
591
559
592
560
593
561
594
595
563
596
564
597
565
598
566
599
567
600
568
601
569
602
570
603
571
604
572
605
573
606
574
607
575
608
576
609
577
610
578
611
579
612
580
613
581
614
582
615
583
616
584
617
585
618
586
619
587
620
588
621
589
622
590
623
591
624
592
625
593
626
594
627
595
628
629
597
2155
598
2156
599
2157
600
2158
601
2159
602
2160
603
2161
604
2162
605
2163
606
2164
607
2165
608
2166
609
2167
610
2168
611
2169
612
2170
613
2171
614
2172
615
2173
616
2174
617
2175
618
2176
619
2177
620
2178
621
2179
622
2180
623
2181
624
2182
625
2183
626
2184
627
2185
628
2186
629
2187
2188
631
665
1131
632
666
1132
633
667
1133
634
668
1134
635
669
1135
636
670
1136
637
671
1137
638
672
1138
639
673
1139
640
674
1140
641
675
1141
642
676
1142
643
677
1143
644
678
1144
645
679
1145
646
680
1146
647
681
1147
648
682
1148
649
683
1149
650
684
1150
651
685
1151
652
686
1152
653
687
1153
654
688
1154
655
689
1155
656
690
1156
657
691
1157
658
692
1158
659
693
1159
660
694
1160
661
695
1161
662
696
1162
663
697
1163
664
698
1164
699
1165
666
700
667
701
668
702
669
703
670
704
671
705
672
706
673
707
674
708
675
709
676
710
677
711
678
712
679
713
680
714
681
715
682
716
683
717
684
718
685
719
686
720
687
721
688
722
689
723
690
724
691
725
692
726
693
727
694
728
695
729
696
730
697
731
698
732
699
733
734
701
736
702
737
703
738
704
739
705
740
706
741
707
742
708
743
709
744
710
745
711
746
712
747
713
748
714
749
715
750
716
751
717
752
718
753
719
754
720
755
721
756
722
757
723
758
724
759
725
760
726
761
727
762
728
763
729
764
730
765
731
766
732
767
733
768
734
769
735
770
771
737
772
738
773
739
774
740
775
741
776
742
777
743
778
744
779
745
780
746
781
747
782
748
783
749
784
750
785
751
786
752
787
753
788
754
789
755
790
756
791
757
792
758
793
759
794
760
795
761
796
762
797
763
798
764
799
765
800
766
801
767
802
768
803
769
804
770
805
771
806
807
773
808
774
809
775
810
776
811
777
812
778
813
779
814
780
815
781
816
782
817
783
818
784
819
785
820
786
821
787
822
788
823
789
824
790
825
791
826
792
827
793
828
794
829
795
830
796
831
797
832
798
833
799
834
800
835
801
836
802
837
803
838
804
839
805
840
806
841
807
842
843
809
844
810
845
811
846
812
847
813
848
814
849
815
850
816
851
817
852
818
853
819
854
820
855
821
856
822
857
823
858
824
859
825
860
826
861
827
862
828
863
829
864
830
865
831
866
832
867
833
868
834
869
835
870
836
871
837
872
838
873
839
874
840
875
841
876
842
877
843
878
879
845
880
846
881
847
882
848
883
849
884
850
885
851
886
852
887
853
888
854
889
855
890
856
891
857
892
858
893
859
894
860
895
861
896
862
897
863
898
864
899
865
900
866
901
867
902
868
903
869
904
870
905
871
906
872
907
873
908
874
909
875
910
876
911
877
912
878
913
879
914
915
881
916
882
917
883
918
884
919
885
920
886
921
887
922
888
923
889
924
890
925
891
926
892
927
893
928
894
929
895
930
896
931
897
932
898
933
899
934
900
935
901
936
902
937
903
938
904
939
905
940
906
941
907
942
908
943
909
944
910
945
911
946
912
947
913
948
914
949
915
950
951
917
952
918
953
919
954
920
955
921
956
922
957
923
958
924
959
925
960
926
961
927
962
928
963
929
964
930
965
931
966
932
967
933
968
934
969
935
970
936
971
937
972
938
973
939
974
940
975
941
976
942
977
943
978
944
979
945
980
946
981
947
982
948
983
949
984
950
985
951
986
987
953
988
954
989
955
990
956
991
957
992
958
993
959
994
960
995
961
996
962
997
963
998
964
999
965
1000
966
1001
967
1002
968
1003
969
1004
970
1005
971
1006
972
1007
973
1008
974
1009
975
1010
976
1011
977
1012
978
1013
979
1014
980
1015
981
1016
982
1017
983
1018
984
1019
985
1020
986
1021
987
1022
1023
989
1024
990
1025
991
1026
992
1027
993
1028
994
1029
995
1030
996
1031
997
1032
998
1033
999
1034
1000
1035
1001
1036
1002
1037
1003
1038
1004
1039
1005
1040
1006
1041
1007
1042
1008
1043
1009
1044
1010
1045
1011
1046
1012
1047
1013
1048
1014
1049
1015
1050
1016
1051
1017
1052
1018
1053
1019
1054
1020
1055
1021
1056
1022
1057
1023
1058
1059
1025
1060
1026
1061
1027
1062
1028
1063
1029
1064
1030
1065
1031
1066
1032
1067
1033
1068
1034
1069
1035
1070
1036
1071
1037
1072
1038
1073
1039
1074
1040
1075
1041
1076
1042
1077
1043
1078
1044
1079
1045
1080
1046
1081
1047
1082
1048
1083
1049
1084
1050
1085
1051
1086
1052
1087
1053
1088
1054
1089
1055
1090
1056
1091
1057
1092
1058
1093
1059
1094
1095
1061
1096
1062
1097
1063
1098
1064
1099
1065
1100
1066
1101
1067
1102
1068
1103
1069
1104
1070
1105
1071
1106
1072
1107
1073
1108
1074
1109
1075
1110
1076
1111
1077
1112
1078
1113
1079
1114
1080
1115
1081
1116
1082
1117
1083
1118
1084
1119
1085
1120
1086
1121
1087
1122
1088
1123
1089
1124
1090
1125
1091
1126
1092
1127
1093
1128
1094
1129
1095
1130
1097
1098
1099
1100
1101
1102
1103
1104
1105
1106
1107
1108
1109
1110
1111
1112
1113
1114
1115
1116
1117
1118
1119
1120
1121
1122
1123
1124
1125
1126
1127
1128
1129
1130
1132
1166
2690
1133
1167
1134
1168
1135
1169
1136
1170
1137
1171
1138
1172
1139
1173
1140
1174
1141
1175
1142
1176
1143
1177
1144
1178
1145
1179
1146
1180
1147
1181
1148
1182
1149
1183
1150
1184
1151
1185
1152
1186
1153
1187
1154
1188
1155
1189
1156
1190
1157
1191
1158
1192
1159
1193
1160
1194
1161
1195
1162
1196
1163
1197
1164
1198
1165
1199
1200
1167
1201
2725
1168
1202
1169
1203
1170
1204
1171
1205
1172
1206
1173
1207
1174
1208
1175
1209
1176
1210
1177
1211
1178
1212
1179
1213
1180
1214
1181
1215
1182
1216
1183
1217
1184
1218
1185
1219
1186
1220
1187
1221
1188
1222
1189
1223
1190
1224
1191
1225
1192
1226
1193
1227
1194
1228
1195
1229
1196
1230
1197
1231
1198
1232
1199
1233
1200
1234
1235
1202
1236
2760
1203
1237
1204
1238
1205
1239
1206
1240
1207
1241
1208
1242
1209
1243
1210
1244
1211
1245
1212
1246
1213
1247
1214
1248
1215
1249
1216
1250
1217
1251
1218
1252
1219
1253
1220
1254
1221
1255
1222
1256
1223
1257
1224
1258
1225
1259
1226
1260
1227
1261
1228
1262
1229
1263
1230
1264
1231
1265
1232
1266
1233
1267
1234
1268
1235
1269
1270
1237
1271
2795
1238
1272
1239
1273
1240
1274
1241
1275
1242
1276
1243
1277
1244
1278
1245
1279
1246
1280
1247
1281
1248
1282
1249
1283
1250
1284
1251
1285
1252
1286
1253
1287
1254
1288
1255
1289
1256
1290
1257
1291
1258
1292
1259
1293
1260
1294
1261
1295
1262
1296
1263
1297
1264
1298
1265
1299
1266
1300
1267
1301
1268
1302
1269
1303
1270
1304
1305
1272
1306
2830
1273
1307
1274
1308
1275
1309
1276
1310
1277
1311
1278
1312
1279
1313
1280
1314
1281
1315
1282
1316
1283
1317
1284
1318
1285
1319
1286
1320
1287
1321
1288
1322
1289
1323
1290
1324
1291
1325
1292
1326
1293
1327
1294
1328
1295
1329
1296
1330
1297
1331
1298
1332
1299
1333
1300
1334
1301
1335
1302
1336
1303
1337
1304
1338
1305
1339
1307
1340
2865
1308
1341
1309
1342
1310
1343
1311
1344
1312
1345
1313
1346
1314
1347
1315
1348
1316
1349
1317
1350
1318
1351
1319
1352
1320
1353
1321
1354
1322
1355
1323
1356
1324
1357
1325
1358
1326
1359
1327
1360
1328
1361
1329
1362
1330
1363
1331
1364
1332
1365
1333
1366
1334
1367
1335
1368
1336
1369
1337
1370
1338
1371
1339
1372
1373
1341
1374
2899
1342
1375
1343
1376
1344
1377
1345
1378
1346
1379
1347
1380
1348
1381
1349
1382
1350
1383
1351
1384
1352
1385
1353
1386
1354
1387
1355
1388
1356
1389
1357
1390
1358
1391
1359
1392
1360
1393
1361
1394
1362
1395
1363
1396
1364
1397
1365
1398
1366
1399
1367
1400
1368
1401
1369
1402
1370
1403
1371
1404
1372
1405
1373
1406
1407
1375
1408
2933
1376
1409
1377
1410
1378
1411
1379
1412
1380
1413
1381
1414
1382
1415
1383
1416
1384
1417
1385
1418
1386
1419
1387
1420
1388
1421
1389
1422
1390
1423
1391
1424
1392
1425
1393
1426
1394
1427
1395
1428
1396
1429
1397
1430
1398
1431
1399
1432
1400
1433
1401
1434
1402
1435
1403
1436
1404
1437
1405
1438
1406
1439
1407
1440
1409
1441
2967
1410
1442
1411
1443
1412
1444
1413
1445
1414
1446
1415
1447
1416
1448
1417
1449
1418
1450
1419
1451
1420
1452
1421
1453
1422
1454
1423
1455
1424
1456
1425
1457
1426
1458
1427
1459
1428
1460
1429
1461
1430
1462
1431
1463
1432
1464
1433
1465
1434
1466
1435
1467
1436
1468
1437
1469
1438
1470
1439
1471
1440
1472
1442
1473
3000
1443
1474
1444
1475
1445
1476
1446
1477
1447
1478
1448
1479
1449
1480
1450
1481
1451
1482
1452
1483
1453
1484
1454
1485
1455
1486
1456
1487
1457
1488
1458
1489
1459
1490
1460
1491
1461
1492
1462
1493
1463
1494
1464
1495
1465
1496
1466
1497
1467
1498
1468
1499
1469
1500
1470
1501
1471
1502
1472
1503
1474
1504
3032
1475
1505
1476
1506
1477
1507
1478
1508
1479
1509
1480
1510
1481
1511
1482
1512
1483
1513
1484
1514
1485
1515
1486
1516
1487
1517
1488
1518
1489
1519
1490
1520
1491
1521
1492
1522
1493
1523
1494
1524
1495
1525
1496
1526
1497
1527
1498
1528
1499
1529
1500
1530
1501
1531
1502
1532
1503
1505
1533
3063
1506
1534
1507
1535
1508
1536
1509
1537
1510
1538
1511
1539
1512
1540
1513
1541
1514
1542
1515
1543
1516
1544
1517
1545
1518
1546
1519
1547
1520
1548
1521
1549
1522
1550
1523
1551
1524
1552
1525
1553
1526
1554
1527
1555
1528
1556
1529
1557
1530
1558
1531
1532
1534
3092
1535
1536
1537
1538
1539
1540
1541
1542
1543
1544
1545
1546
1547
1548
1549
1550
1551
1552
1553
1554
1555
1556
1557
1558
1560
1595
2655
1561
1596
2656
1562
1597
2657
1563
1598
2658
1564
1599
2659
1565
1600
2660
1566
1601
2661
1567
1602
2662
1568
1603
2663
1569
1604
2664
1570
1605
2665
1571
1606
2666
1572
1607
2667
1573
1608
2668
1574
1609
2669
1575
1610
2670
1576
1611
2671
1577
1612
2672
1578
1613
2673
1579
1614
2674
1580
1615
2675
1581
1616
2676
1582
1617
2677
1583
1618
2678
1584
1619
2679
1585
1620
2680
1586
1621
2681
1587
1622
2682
1588
1623
2683
1589
1624
2684
1590
1625
2685
1591
1626
2686
1592
1627
2687
1593
1628
2688
1594
1629
2689
1630
1596
1631
1597
1632
1598
1633
1599
1634
1600
1635
1601
1636
1602
1637
1603
1638
1604
1639
1605
1640
1606
1641
1607
1642
1608
1643
1609
1644
1610
1645
1611
1646
1612
1647
1613
1648
1614
1649
1615
1650
1616
1651
1617
1652
1618
1653
1619
1654
1620
1655
1621
1656
1622
1657
1623
1658
1624
1659
1625
1660
1626
1661
1627
1662
1628
1663
1629
1664
1630
1665
1666
1632
1667
1633
1668
1634
1669
1635
1670
1636
1671
1637
1672
1638
1673
1639
1674
1640
1675
1641
1676
1642
1677
1643
1678
1644
1679
1645
1680
1646
1681
1647
1682
1648
1683
1649
1684
1650
1685
1651
1686
1652
1687
1653
1688
1654
1689
1655
1690
1656
1691
1657
1692
1658
1693
1659
1694
1660
1695
1661
1696
1662
1697
1663
1698
1664
1699
1665
1700
1666
1701
1702
1668
1703
1669
1704
1670
1705
1671
1706
1672
1707
1673
1708
1674
1709
1675
1710
1676
1711
1677
1712
1678
1713
1679
1714
1680
1715
1681
1716
1682
1717
1683
1718
1684
1719
1685
1720
1686
1721
1687
1722
1688
1723
1689
1724
1690
1725
1691
1726
1692
1727
1693
1728
1694
1729
1695
1730
1696
1731
1697
1732
1698
1733
1699
1734
1700
1735
1701
1736
1702
1737
1738
1704
1739
1705
1740
1706
1741
1707
1742
1708
1743
1709
1744
1710
1745
1711
1746
1712
1747
1713
1748
1714
1749
1715
1750
1716
1751
1717
1752
1718
1753
1719
1754
1720
1755
1721
1756
1722
1757
1723
1758
1724
1759
1725
1760
1726
1761
1727
1762
1728
1763
1729
1764
1730
1765
1731
1766
1732
1767
1733
1768
1734
1769
1735
1770
1736
1771
1737
1772
1738
1773
1774
1740
1775
1741
1776
1742
1777
1743
1778
1744
1779
1745
1780
1746
1781
1747
1782
1748
1783
1749
1784
1750
1785
1751
1786
1752
1787
1753
1788
1754
1789
1755
1790
1756
1791
1757
1792
1758
1793
1759
1794
1760
1795
1761
1796
1762
1797
1763
1798
1764
1799
1765
1800
1766
1801
1767
1802
1768
1803
1769
1804
1770
1805
1771
1806
1772
1807
1773
1808
1774
1809
1810
1776
1811
1777
1812
1778
1813
1779
1814
1780
1815
1781
1816
1782
1817
1783
1818
1784
1819
1785
1820
1786
1821
1787
1822
1788
1823
1789
1824
1790
1825
1791
1826
1792
1827
1793
1828
1794
1829
1795
1830
1796
1831
1797
1832
1798
1833
1799
1834
1800
1835
1801
1836
1802
1837
1803
1838
1804
1839
1805
1840
1806
1841
1807
1842
1808
1843
1809
1844
1810
1845
1812
1846
1813
1847
1814
1848
1815
1849
1816
1850
1817
1851
1818
1852
1819
1853
1820
1854
1821
1855
1822
1856
1823
1857
1824
1858
1825
1859
1826
1860
1827
1861
1828
1862
1829
1863
1830
1864
1831
1865
1832
1866
1833
1867
1834
1868
1835
1869
1836
1870
1837
1871
1838
1872
1839
1873
1840
1874
1841
1875
1842
1876
1843
1877
1844
1878
1845
1879
1880
1847
1881
1848
1882
1849
1883
1850
1884
1851
1885
1852
1886
1853
1887
1854
1888
1855
1889
1856
1890
1857
1891
1858
1892
1859
1893
1860
1894
1861
1895
1862
1896
1863
1897
1864
1898
1865
1899
1866
1900
1867
1901
1868
1902
1869
1903
1870
1904
1871
1905
1872
1906
1873
1907
1874
1908
1875
1909
1876
1910
1877
1911
1878
1912
1879
1913
1880
1914
1915
1882
1916
1883
1917
1884
1918
1885
1919
1886
1920
1887
1921
1888
1922
1889
1923
1890
1924
1891
1925
1892
1926
1893
1927
1894
1928
1895
1929
1896
1930
1897
1931
1898
1932
1899
1933
1900
1934
1901
1935
1902
1936
1903
1937
1904
1938
1905
1939
1906
1940
1907
1941
1908
1942
1909
1943
1910
1944
1911
1945
1912
1946
1913
1947
1914
1948
1915
1949
1950
1917
1951
1918
1952
1919
1953
1920
1954
1921
1955
1922
1956
1923
1957
1924
1958
1925
1959
1926
1960
1927
1961
1928
1962
1929
1963
1930
1964
1931
1965
1932
1966
1933
1967
1934
1968
1935
1969
1936
1970
1937
1971
1938
1972
1939
1973
1940
1974
1941
1975
1942
1976
1943
1977
1944
1978
1945
1979
1946
1980
1947
1981
1948
1982
1949
1983
1950
1984
1952
1985
1953
1986
1954
1987
1955
1988
1956
1989
1957
1990
1958
1991
1959
1992
1960
1993
1961
1994
1962
1995
1963
1996
1964
1997
1965
1998
1966
1999
1967
2000
1968
2001
1969
2002
1970
2003
1971
2004
1972
2005
1973
2006
1974
2007
1975
2008
1976
2009
1977
2010
1978
2011
1979
2012
1980
2013
1981
2014
1982
2015
1983
2016
1984
2017
2018
1986
2019
1987
2020
1988
2021
1989
2022
1990
2023
1991
2024
1992
2025
1993
2026
1994
2027
1995
2028
1996
2029
1997
2030
1998
2031
1999
2032
2000
2033
2001
2034
2002
2035
2003
2036
2004
2037
2005
2038
2006
2039
2007
2040
2008
2041
2009
2042
2010
2043
2011
2044
2012
2045
2013
2046
2014
2047
2015
2048
2016
2049
2017
2050
2018
2051
2052
2020
2053
2021
2054
2022
2055
2023
2056
2024
2057
2025
2058
2026
2059
2027
2060
2028
2061
2029
2062
2030
2063
2031
2064
2032
2065
2033
2066
2034
2067
2035
2068
2036
2069
2037
2070
2038
2071
2039
2072
2040
2073
2041
2074
2042
2075
2043
2076
2044
2077
2045
2078
2046
2079
2047
2080
2048
2081
2049
2082
2050
2083
2051
2084
2052
2085
2086
2054
2087
2055
2088
2056
2089
2057
2090
2058
2091
2059
2092
2060
2093
2061
2094
2062
2095
2063
2096
2064
2097
2065
2098
2066
2099
2067
2100
2068
2101
2069
2102
2070
2103
2071
2104
2072
2105
2073
2106
2074
2107
2075
2108
2076
2109
2077
2110
2078
2111
2079
2112
2080
2113
2081
2114
2082
2115
2083
2116
2084
2117
2085
2118
2086
2119
2120
2088
2121
2089
2122
2090
2123
2091
2124
2092
2125
2093
2126
2094
2127
2095
2128
2096
2129
2097
2130
2098
2131
2099
2132
2100
2133
2101
2134
2102
2135
2103
2136
2104
2137
2105
2138
2106
2139
2107
2140
2108
2141
2109
2142
2110
2143
2111
2144
2112
2145
2113
2146
2114
2147
2115
2148
2116
2149
2117
2150
2118
2151
2119
2152
2120
2153
2154
2122
2155
2123
2156
2124
2157
2125
2158
2126
2159
2127
2160
2128
2161
2129
2162
2130
2163
2131
2164
2132
2165
2133
2166
2134
2167
2135
2168
2136
2169
2137
2170
2138
2171
2139
2172
2140
2173
2141
2174
2142
2175
2143
2176
2144
2177
2145
2178
2146
2179
2147
2180
2148
2181
2149
2182
2150
2183
2151
2184
2152
2185
2153
2186
2154
2187
2188
2156
2157
2158
2159
2160
2161
2162
2163
2164
2165
2166
2167
2168
2169
2170
2171
2172
2173
2174
2175
2176
2177
2178
2179
2180
2181
2182
2183
2184
2185
2186
2187
2188
2190
2224
2690
2191
2225
2691
2192
2226
2692
2193
2227
2693
2194
2228
2694
2195
2229
2695
2196
2230
2696
2197
2231
2697
2198
2232
2698
2199
2233
2699
2200
2234
2700
2201
2235
2701
2202
2236
2702
2203
2237
2703
2204
2238
2704
2205
2239
2705
2206
2240
2706
2207
2241
2707
2208
2242
2708
2209
2243
2709
2210
2244
2710
2211
2245
2711
2212
2246
2712
2213
2247
2713
2214
2248
2714
2215
2249
2715
2216
2250
2716
2217
2251
2717
2218
2252
2718
2219
2253
2719
2220
2254
2720
2221
2255
2721
2222
2256
2722
2223
2257
2723
2258
2724
2225
2259
2226
2260
2227
2261
2228
2262
2229
2263
2230
2264
2231
2265
2232
2266
2233
2267
2234
2268
2235
2269
2236
2270
2237
2271
2238
2272
2239
2273
2240
2274
2241
2275
2242
2276
2243
2277
2244
2278
2245
2279
2246
2280
2247
2281
2248
2282
2249
2283
2250
2284
2251
2285
2252
2286
2253
2287
2254
2288
2255
2289
2256
2290
2257
2291
2258
2292
2293
2260
2295
2261
2296
2262
2297
2263
2298
2264
2299
2265
2300
2266
2301
2267
2302
2268
2303
2269
2304
2270
2305
2271
2306
2272
2307
2273
2308
2274
2309
2275
2310
2276
2311
2277
2312
2278
2313
2279
2314
2280
2315
2281
2316
2282
2317
2283
2318
2284
2319
2285
2320
2286
2321
2287
2322
2288
2323
2289
2324
2290
2325
2291
2326
2292
2327
2293
2328
2294
2329
2330
2296
2331
2297
2332
2298
2333
2299
2334
2300
2335
2301
2336
2302
2337
2303
2338
2304
2339
2305
2340
2306
2341
2307
2342
2308
2343
2309
2344
2310
2345
2311
2346
2312
2347
2313
2348
2314
2349
2315
2350
2316
2351
2317
2352
2318
2353
2319
2354
2320
2355
2321
2356
2322
2357
2323
2358
2324
2359
2325
2360
2326
2361
2327
2362
2328
2363
2329
2364
2330
2365
2366
2332
2367
2333
2368
2334
2369
2335
2370
2336
2371
2337
2372
2338
2373
2339
2374
2340
2375
2341
2376
2342
2377
2343
2378
2344
2379
2345
2380
2346
2381
2347
2382
2348
2383
2349
2384
2350
2385
2351
2386
2352
2387
2353
2388
2354
2389
2355
2390
2356
2391
2357
2392
2358
2393
2359
2394
2360
2395
2361
2396
2362
2397
2363
2398
2364
2399
2365
2400
2366
2401
2402
2368
2403
2369
2404
2370
2405
2371
2406
2372
2407
2373
2408
2374
2409
2375
2410
2376
2411
2377
2412
2378
2413
2379
2414
2380
2415
2381
2416
2382
2417
2383
2418
2384
2419
2385
2420
2386
2421
2387
2422
2388
2423
2389
2424
2390
2425
2391
2426
2392
2427
2393
2428
2394
2429
2395
2430
2396
2431
2397
2432
2398
2433
2399
2434
2400
2435
2401
2436
2402
2437
2438
2404
2439
2405
2440
2406
2441
2407
2442
2408
2443
2409
2444
2410
2445
2411
2446
2412
2447
2413
2448
2414
2449
2415
2450
2416
2451
2417
2452
2418
2453
2419
2454
2420
2455
2421
2456
2422
2457
2423
2458
2424
2459
2425
2460
2426
2461
2427
2462
2428
2463
2429
2464
2430
2465
2431
2466
2432
2467
2433
2468
2434
2469
2435
2470
2436
2471
2437
2472
2438
2473
2474
2440
2475
2441
2476
2442
2477
2443
2478
2444
2479
2445
2480
2446
2481
2447
2482
2448
2483
2449
2484
2450
2485
2451
2486
2452
2487
2453
2488
2454
2489
2455
2490
2456
2491
2457
2492
2458
2493
2459
2494
2460
2495
2461
2496
2462
2497
2463
2498
2464
2499
2465
2500
2466
2501
2467
2502
2468
2503
2469
2504
2470
2505
2471
2506
2472
2507
2473
2508
2474
2509
2510
2476
2511
2477
2512
2478
2513
2479
2514
2480
2515
2481
2516
2482
2517
2483
2518
2484
2519
2485
2520
2486
2521
2487
2522
2488
2523
2489
2524
2490
2525
2491
2526
2492
2527
2493
2528
2494
2529
2495
2530
2496
2531
2497
2532
2498
2533
2499
2534
2500
2535
2501
2536
2502
2537
2503
2538
2504
2539
2505
2540
2506
2541
2507
2542
2508
2543
2509
2544
2510
2545
2546
2512
2547
2513
2548
2514
2549
2515
2550
2516
2551
2517
2552
2518
2553
2519
2554
2520
2555
2521
2556
2522
2557
2523
2558
2524
2559
2525
2560
2526
2561
2527
2562
2528
2563
2529
2564
2530
2565
2531
2566
2532
2567
2533
2568
2534
2569
2535
2570
2536
2571
2537
2572
2538
2573
2539
2574
2540
2575
2541
2576
2542
2577
2543
2578
2544
2579
2545
2580
2546
2581
2582
2548
2583
2549
2584
2550
2585
2551
2586
2552
2587
2553
2588
2554
2589
2555
2590
2556
2591
2557
2592
2558
2593
2559
2594
2560
2595
2561
2596
2562
2597
2563
2598
2564
2599
2565
2600
2566
2601
2567
2602
2568
2603
2569
2604
2570
2605
2571
2606
2572
2607
2573
2608
2574
2609
2575
2610
2576
2611
2577
2612
2578
2613
2579
2614
2580
2615
2581
2616
2582
2617
2618
2584
2619
2585
2620
2586
2621
2587
2622
2588
2623
2589
2624
2590
2625
2591
2626
2592
2627
2593
2628
2594
2629
2595
2630
2596
2631
2597
2632
2598
2633
2599
2634
2600
2635
2601
2636
2602
2637
2603
2638
2604
2639
2605
2640
2606
2641
2607
2642
2608
2643
2609
2644
2610
2645
2611
2646
2612
2647
2613
2648
2614
2649
2615
2650
2616
2651
2617
2652
2618
2653
2654
2620
2655
2621
2656
2622
2657
2623
2658
2624
2659
2625
2660
2626
2661
2627
2662
2628
2663
2629
2664
2630
2665
2631
2666
2632
2667
2633
2668
2634
2669
2635
2670
2636
2671
2637
2672
2638
2673
2639
2674
2640
2675
2641
2676
2642
2677
2643
2678
2644
2679
2645
2680
2646
2681
2647
2682
2648
2683
2649
2684
2650
2685
2651
2686
2652
2687
2653
2688
2654
2689
2656
2657
2658
2659
2660
2661
2662
2663
2664
2665
2666
2667
2668
2669
2670
2671
2672
2673
2674
2675
2676
2677
2678
2679
2680
2681
2682
2683
2684
2685
2686
2687
2688
2689
2691
2725
2692
2726
2693
2727
2694
2728
2695
2729
2696
2730
2697
2731
2698
2732
2699
2733
2700
2734
2701
2735
2702
2736
2703
2737
2704
2738
2705
2739
2706
2740
2707
2741
2708
2742
2709
2743
2710
2744
2711
2745
2712
2746
2713
2747
2714
2748
2715
2749
2716
2750
2717
2751
2718
2752
2719
2753
2720
2754
2721
2755
2722
2756
2723
2757
2724
2758
2759
2726
2760
2727
2761
2728
2762
2729
2763
2730
2764
2731
2765
2732
2766
2733
2767
2734
2768
2735
2769
2736
2770
2737
2771
2738
2772
2739
2773
2740
2774
2741
2775
2742
2776
2743
2777
2744
2778
2745
2779
2746
2780
2747
2781
2748
2782
2749
2783
2750
2784
2751
2785
2752
2786
2753
2787
2754
2788
2755
2789
2756
2790
2757
2791
2758
2792
2759
2793
2794
2761
2795
2762
2796
2763
2797
2764
2798
2765
2799
2766
2800
2767
2801
2768
2802
2769
2803
2770
2804
2771
2805
2772
2806
2773
2807
2774
2808
2775
2809
2776
2810
2777
2811
2778
2812
2779
2813
2780
2814
2781
2815
2782
2816
2783
2817
2784
2818
2785
2819
2786
2820
2787
2821
2788
2822
2789
2823
2790
2824
2791
2825
2792
2826
2793
2827
2794
2828
2829
2796
2830
2797
2831
2798
2832
2799
2833
2800
2834
2801
2835
2802
2836
2803
2837
2804
2838
2805
2839
2806
2840
2807
2841
2808
2842
2809
2843
2810
2844
2811
2845
2812
2846
2813
2847
2814
2848
2815
2849
2816
2850
2817
2851
2818
2852
2819
2853
2820
2854
2821
2855
2822
2856
2823
2857
2824
2858
2825
2859
2826
2860
2827
2861
2828
2862
2829
2863
2864
2831
2865
2832
2866
2833
2867
2834
2868
2835
2869
2836
2870
2837
2871
2838
2872
2839
2873
2840
2874
2841
2875
2842
2876
2843
2877
2844
2878
2845
2879
2846
2880
2847
2881
2848
2882
2849
2883
2850
2884
2851
2885
2852
2886
2853
2887
2854
2888
2855
2889
2856
2890
2857
2891
2858
2892
2859
2893
2860
2894
2861
2895
2862
2896
2863
2897
2864
2898
2866
2899
2867
2900
2868
2901
2869
2902
2870
2903
2871
2904
2872
2905
2873
2906
2874
2907
2875
2908
2876
2909
2877
2910
2878
2911
2879
2912
2880
2913
2881
2914
2882
2915
2883
2916
2884
2917
2885
2918
2886
2919
2887
2920
2888
2921
2889
2922
2890
2923
2891
2924
2892
2925
2893
2926
2894
2927
2895
2928
2896
2929
2897
2930
2898
2931
2932
2900
2933
2901
2934
2902
2935
2903
2936
2904
2937
2905
2938
2906
2939
2907
2940
2908
2941
2909
2942
2910
2943
2911
2944
2912
2945
2913
2946
2914
2947
2915
2948
2916
2949
2917
2950
2918
2951
2919
2952
2920
2953
2921
2954
2922
2955
2923
2956
2924
2957
2925
2958
2926
2959
2927
2960
2928
2961
2929
2962
2930
2963
2931
2964
2932
2965
2966
2934
2967
2935
2968
2936
2969
2937
2970
2938
2971
2939
2972
2940
2973
2941
2974
2942
2975
2943
2976
2944
2977
2945
2978
2946
2979
2947
2980
2948
2981
2949
2982
2950
2983
2951
2984
2952
2985
2953
2986
2954
2987
2955
2988
2956
2989
2957
2990
2958
2991
2959
2992
2960
2993
2961
2994
2962
2995
2963
2996
2964
2997
2965
2998
2966
2999
2968
3000
2969
3001
2970
3002
2971
3003
2972
3004
2973
3005
2974
3006
2975
3007
2976
3008
2977
3009
2978
3010
2979
3011
2980
3012
2981
3013
2982
3014
2983
3015
2984
3016
2985
3017
2986
3018
2987
3019
2988
3020
2989
3021
2990
3022
2991
3023
2992
3024
2993
3025
2994
3026
2995
3027
2996
3028
2997
3029
2998
3030
2999
3031
3001
3032
3002
3033
3003
3034
3004
3035
3005
3036
3006
3037
3007
3038
3008
3039
3009
3040
3010
3041
3011
3042
3012
3043
3013
3044
3014
3045
3015
3046
3016
3047
3017
3048
3018
3049
3019
3050
3020
3051
3021
3052
3022
3053
3023
3054
3024
3055
3025
3056
3026
3057
3027
3058
3028
3059
3029
3060
3030
3061
3031
3062
3033
3063
3034
3064
3035
3065
3036
3066
3037
3067
3038
3068
3039
3069
3040
3070
3041
3071
3042
3072
3043
3073
3044
3074
3045
3075
3046
3076
3047
3077
3048
3078
3049
3079
3050
3080
3051
3081
3052
3082
3053
3083
3054
3084
3055
3085
3056
3086
3057
3087
3058
3088
3059
3089
3060
3090
3061
3091
3062
3064
3092
3065
3093
3066
3094
3067
3095
3068
3096
3069
3097
3070
3098
3071
3099
3072
3100
3073
3101
3074
3102
3075
3103
3076
3104
3077
3105
3078
3106
3079
3107
3080
3108
3081
3109
3082
3110
3083
3111
3084
3112
3085
3113
3086
3114
3087
3115
3088
3116
3089
3117
3090
3091
3093
3094
3095
3096
3097
3098
3099
3100
3101
3102
3103
3104
3105
3106
3107
3108
3109
3110
3111
3112
3113
3114
3115
3116
3117
3119
3127
3417
3120
3128
3418
3121
3129
3419
3122
3130
3420
3123
3131
3421
3124
3132
3422
3125
3133
3423
3126
3134
3424
3135
3425
3128
3136
3129
3137
3130
3138
3131
3139
3132
3140
3133
3141
3134
3142
3135
3143
3144
3137
3145
3138
3146
3139
3147
3140
3148
3141
3149
3142
3150
3143
3151
3144
3152
3153
3146
3154
3147
3155
3148
3156
3149
3157
3150
3158
3151
3159
3152
3160
3153
3161
3162
3155
3163
3156
3164
3157
3165
3158
3166
3159
3167
3160
3168
3161
3169
3162
3170
3171
3164
3172
3165
3173
3166
3174
3167
3175
3168
3176
3169
3177
3170
3178
3171
3179
3180
3173
3182
3174
3183
3175
3184
3176
3185
3177
3186
3178
3187
3179
3188
3180
3189
3190
3182
3191
3183
3192
3184
3193
3185
3194
3186
3195
3187
3196
3188
3197
3189
3198
3190
3199
3200
3192
3201
3193
3202
3194
3203
3195
3204
3196
3205
3197
3206
3198
3207
3199
3208
3200
3209
3210
3202
3211
3203
3212
3204
3213
3205
3214
3206
3215
3207
3216
3208
3217
3209
3218
3210
3219
3220
3212
3222
3213
3223
3214
3224
3215
3225
3216
3226
3217
3227
3218
3228
3219
3229
3220
3230
3231
3222
3232
3223
3233
3224
3234
3225
3235
3226
3236
3227
3237
3228
3238
3229
3239
3230
3240
3231
3241
3242
3233
3243
3234
3244
3235
3245
3236
3246
3237
3247
3238
3248
3239
3249
3240
3250
3241
3251
3242
3252
3253
3244
3254
3245
3255
3246
3256
3247
3257
3248
3258
3249
3259
3250
3260
3251
3261
3252
3262
3253
3263
3264
3255
3265
3256
3266
3257
3267
3258
3268
3259
3269
3260
3270
3261
3271
3262
3272
3263
3273
3264
3274
3275
3266
3276
3267
3277
3268
3278
3269
3279
3270
3280
3271
3281
3272
3282
3273
3283
3274
3284
3275
3285
3286
3277
3287
3278
3288
3279
3289
3280
3290
3281
3291
3282
3292
3283
3293
3284
3294
3285
3295
3286
3296
3297
3288
5192
3289
5193
3290
5194
3291
5195
3292
5196
3293
5197
3294
5198
3295
5199
3296
5200
3297
5201
5202
3299
3308
3426
3300
3309
3427
3301
3310
3428
3302
3311
3429
3303
3312
3430
3304
3313
3431
3305
3314
3432
3306
3315
3433
3307
3316
3434
3317
3435
3309
3310
3318
3311
3319
3312
3320
3313
3321
3314
3322
3315
3323
3316
3324
3317
3325
3326
3319
3327
3320
3328
3321
3329
3322
3330
3323
3331
3324
3332
3325
3333
3326
3334
3335
3328
3336
3329
3337
3330
3338
3331
3339
3332
3340
3333
3341
3334
3342
3335
3343
3344
3337
3345
3338
3346
3339
3347
3340
3348
3341
3349
3342
3350
3343
3351
3344
3352
3353
3346
3354
3347
3355
3348
3356
3349
3357
3350
3358
3351
3359
3352
3360
3353
3361
3362
3355
3363
3356
3364
3357
3365
3358
3366
3359
3367
3360
3368
3361
3369
3362
3370
3371
3364
3372
3365
3373
3366
3374
3367
3375
3368
3376
3369
3377
3370
3378
3371
3379
3380
3373
3381
3374
3382
3375
3383
3376
3384
3377
3385
3378
3386
3379
3387
3380
3388
3389
3382
3390
3383
3391
3384
3392
3385
3393
3386
3394
3387
3395
3388
3396
3389
3397
3398
3391
3399
3392
3400
3393
3401
3394
3402
3395
3403
3396
3404
3397
3405
3398
3406
3407
3400
3408
3401
3409
3402
3410
3403
3411
3404
3412
3405
3413
3406
3414
3407
3415
3416
3409
3417
3410
3418
3411
3419
3412
3420
3413
3421
3414
3422
3415
3423
3416
3424
3425
3418
3419
3420
3421
3422
3423
3424
3425
3427
3436
3428
3437
3429
3438
3430
3439
3431
3440
3432
3441
3433
3442
3434
3443
3435
3444
3445
3437
3446
3438
3447
3439
3448
3440
3449
3441
3450
3442
3451
3443
3452
3444
3453
3445
3454
3455
3447
3456
3448
3457
3449
3458
3450
3459
3451
3460
3452
3461
3453
3462
3454
3463
3455
3464
3465
3457
3466
3458
3467
3459
3468
3460
3469
3461
3470
3462
3471
3463
3472
3464
3473
3465
3474
3475
3467
3477
3468
3478
3469
3479
3470
3480
3471
3481
3472
3482
3473
3483
3474
3484
3475
3485
3486
3477
3487
3478
3488
3479
3489
3480
3490
3481
3491
3482
3492
3483
3493
3484
3494
3485
3495
3486
3496
3497
3488
3498
3489
3499
3490
3500
3491
3501
3492
3502
3493
3503
3494
3504
3495
3505
3496
3506
3497
3507
3508
3499
3510
3500
3511
3501
3512
3502
3513
3503
3514
3504
3515
3505
3516
3506
3517
3507
3518
3508
3519
3520
3510
3522
3511
3523
3512
3524
3513
3525
3514
3526
3515
3527
3516
3528
3517
3529
3518
3530
3519
3531
3520
3532
3533
3522
3535
3523
3536
3524
3537
3525
3538
3526
3539
3527
3540
3528
3541
3529
3542
3530
3543
3531
3544
3532
3545
3533
3546
3547
3535
3550
3536
3551
3537
3552
3538
3553
3539
3554
3540
3555
3541
3556
3542
3557
3543
3558
3544
3559
3545
3560
3546
3561
3547
3562
3563
3549
3567
3550
3568
3551
3569
3552
3570
3553
3571
3554
3572
3555
3573
3556
3574
3557
3575
3558
3576
3559
3577
3560
3578
3561
3579
3562
3580
3563
3581
3582
3565
3609
3566
3610
3567
3611
3568
3612
3569
3613
3570
3614
3571
3615
3572
3616
3573
3617
3574
3618
3575
3619
3576
3620
3577
3621
3578
3622
3579
3623
3580
3624
3581
3625
3582
3626
3627
3584
3628
5488
3585
3629
3586
3630
3587
3631
3588
3632
3589
3633
3590
3634
3591
3635
3592
3636
3593
3637
3594
3638
3595
3639
3596
3640
3597
3641
3598
3642
3599
3643
3600
3644
3601
3645
3602
3646
3603
3647
3604
3648
3605
3649
3606
3650
3607
3651
3608
3652
3609
3653
3610
3654
3611
3655
3612
3656
3613
3657
3614
3658
3615
3659
3616
3660
3617
3661
3618
3662
3619
3663
3620
3664
3621
3665
3622
3666
3623
3667
3624
3668
3625
3669
3626
3670
3627
3671
3672
3629
3673
5533
3630
3674
3631
3675
3632
3676
3633
3677
3634
3678
3635
3679
3636
3680
3637
3681
3638
3682
3639
3683
3640
3684
3641
3685
3642
3686
3643
3687
3644
3688
3645
3689
3646
3690
3647
3691
3648
3692
3649
3693
3650
3694
3651
3695
3652
3696
3653
3697
3654
3698
3655
3699
3656
3700
3657
3701
3658
3702
3659
3703
3660
3704
3661
3705
3662
3706
3663
3707
3664
3708
3665
3709
3666
3710
3667
3711
3668
3712
3669
3713
3670
3714
3671
3715
3672
3716
3717
3674
3718
5578
3675
3719
3676
3720
3677
3721
3678
3722
3679
3723
3680
3724
3681
3725
3682
3726
3683
3727
3684
3728
3685
3729
3686
3730
3687
3731
3688
3732
3689
3733
3690
3734
3691
3735
3692
3736
3693
3737
3694
3738
3695
3739
3696
3740
3697
3741
3698
3742
3699
3743
3700
3744
3701
3745
3702
3746
3703
3747
3704
3748
3705
3749
3706
3750
3707
3751
3708
3752
3709
3753
3710
3754
3711
3755
3712
3756
3713
3757
3714
3758
3715
3759
3716
3760
3717
3761
3762
3719
3763
5623
3720
3764
3721
3765
3722
3766
3723
3767
3724
3768
3725
3769
3726
3770
3727
3771
3728
3772
3729
3773
3730
3774
3731
3775
3732
3776
3733
3777
3734
3778
3735
3779
3736
3780
3737
3781
3738
3782
3739
3783
3740
3784
3741
3785
3742
3786
3743
3787
3744
3788
3745
3789
3746
3790
3747
3791
3748
3792
3749
3793
3750
3794
3751
3795
3752
3796
3753
3797
3754
3798
3755
3799
3756
3800
3757
3801
3758
3802
3759
3803
3760
3804
3761
3805
3762
3806
3807
3764
3808
5668
3765
3809
3766
3810
3767
3811
3768
3812
3769
3813
3770
3814
3771
3815
3772
3816
3773
3817
3774
3818
3775
3819
3776
3820
3777
3821
3778
3822
3779
3823
3780
3824
3781
3825
3782
3826
3783
3827
3784
3828
3785
3829
3786
3830
3787
3831
3788
3832
3789
3833
3790
3834
3791
3835
3792
3836
3793
3837
3794
3838
3795
3839
3796
3840
3797
3841
3798
3842
3799
3843
3800
3844
3801
3845
3802
3846
3803
3847
3804
3848
3805
3849
3806
3850
3807
3851
3852
3809
3853
5713
3810
3854
3811
3855
3812
3856
3813
3857
3814
3858
3815
3859
3816
3860
3817
3861
3818
3862
3819
3863
3820
3864
3821
3865
3822
3866
3823
3867
3824
3868
3825
3869
3826
3870
3827
3871
3828
3872
3829
3873
3830
3874
3831
3875
3832
3876
3833
3877
3834
3878
3835
3879
3836
3880
3837
3881
3838
3882
3839
3883
3840
3884
3841
3885
3842
3886
3843
3887
3844
3888
3845
3889
3846
3890
3847
3891
3848
3892
3849
3893
3850
3894
3851
3895
3852
3896
3897
3854
3898
5758
3855
3899
3856
3900
3857
3901
3858
3902
3859
3903
3860
3904
3861
3905
3862
3906
3863
3907
3864
3908
3865
3909
3866
3910
3867
3911
3868
3912
3869
3913
3870
3914
3871
3915
3872
3916
3873
3917
3874
3918
3875
3919
3876
3920
3877
3921
3878
3922
3879
3923
3880
3924
3881
3925
3882
3926
3883
3927
3884
3928
3885
3929
3886
3930
3887
3931
3888
3932
3889
3933
3890
3934
3891
3935
3892
3936
3893
3937
3894
3938
3895
3939
3896
3940
3897
3941
3942
3899
3943
5803
3900
3944
3901
3945
3902
3946
3903
3947
3904
3948
3905
3949
3906
3950
3907
3951
3908
3952
3909
3953
3910
3954
3911
3955
3912
3956
3913
3957
3914
3958
3915
3959
3916
3960
3917
3961
3918
3962
3919
3963
3920
3964
3921
3965
3922
3966
3923
3967
3924
3968
3925
3969
3926
3970
3927
3971
3928
3972
3929
3973
3930
3974
3931
3975
3932
3976
3933
3977
3934
3978
3935
3979
3936
3980
3937
3981
3938
3982
3939
3983
3940
3984
3941
3985
3942
3986
3987
3944
3988
5848
3945
3989
3946
3990
3947
3991
3948
3992
3949
3993
3950
3994
3951
3995
3952
3996
3953
3997
3954
3998
3955
3999
3956
4000
3957
4001
3958
4002
3959
4003
3960
4004
3961
4005
3962
4006
3963
4007
3964
4008
3965
4009
3966
4010
3967
4011
3968
4012
3969
4013
3970
4014
3971
4015
3972
4016
3973
4017
3974
4018
3975
4019
3976
4020
3977
4021
3978
4022
3979
4023
3980
4024
3981
4025
3982
4026
3983
4027
3984
4028
3985
4029
3986
4030
3987
4031
4032
3989
4033
5893
3990
4034
3991
4035
3992
4036
3993
4037
3994
4038
3995
4039
3996
4040
3997
4041
3998
4042
3999
4043
4000
4044
4001
4045
4002
4046
4003
4047
4004
4048
4005
4049
4006
4050
4007
4051
4008
4052
4009
4053
4010
4054
4011
4055
4012
4056
4013
4057
4014
4058
4015
4059
4016
4060
4017
4061
4018
4062
4019
4063
4020
4064
4021
4065
4022
4066
4023
4067
4024
4068
4025
4069
4026
4070
4027
4071
4028
4072
4029
4073
4030
4074
4031
4075
4032
4076
4077
4034
4078
5938
4035
4079
4036
4080
4037
4081
4038
4082
4039
4083
4040
4084
4041
4085
4042
4086
4043
4087
4044
4088
4045
4089
4046
4090
4047
4091
4048
4092
4049
4093
4050
4094
4051
4095
4052
4096
4053
4097
4054
4098
4055
4099
4056
4100
4057
4101
4058
4102
4059
4103
4060
4104
4061
4105
4062
4106
4063
4107
4064
4108
4065
4109
4066
4110
4067
4111
4068
4112
4069
4113
4070
4114
4071
4115
4072
4116
4073
4117
4074
4118
4075
4119
4076
4120
4077
4121
4122
4079
4123
5983
4080
4124
4081
4125
4082
4126
4083
4127
4084
4128
4085
4129
4086
4130
4087
4131
4088
4132
4089
4133
4090
4134
4091
4135
4092
4136
4093
4137
4094
4138
4095
4139
4096
4140
4097
4141
4098
4142
4099
4143
4100
4144
4101
4145
4102
4146
4103
4147
4104
4148
4105
4149
4106
4150
4107
4151
4108
4152
4109
4153
4110
4154
4111
4155
4112
4156
4113
4157
4114
4158
4115
4159
4116
4160
4117
4161
4118
4162
4119
4163
4120
4164
4121
4165
4122
4166
4167
4124
4168
6028
4125
4169
4126
4170
4127
4171
4128
4172
4129
4173
4130
4174
4131
4175
4132
4176
4133
4177
4134
4178
4135
4179
4136
4180
4137
4181
4138
4182
4139
4183
4140
4184
4141
4185
4142
4186
4143
4187
4144
4188
4145
4189
4146
4190
4147
4191
4148
4192
4149
4193
4150
4194
4151
4195
4152
4196
4153
4197
4154
4198
4155
4199
4156
4200
4157
4201
4158
4202
4159
4203
4160
4204
4161
4205
4162
4206
4163
4207
4164
4208
4165
4209
4166
4210
4167
4211
4212
4169
4213
6073
4170
4214
4171
4215
4172
4216
4173
4217
4174
4218
4175
4219
4176
4220
4177
4221
4178
4222
4179
4223
4180
4224
4181
4225
4182
4226
4183
4227
4184
4228
4185
4229
4186
4230
4187
4231
4188
4232
4189
4233
4190
4234
4191
4235
4192
4236
4193
4237
4194
4238
4195
4239
4196
4240
4197
4241
4198
4242
4199
4243
4200
4244
4201
4245
4202
4246
4203
4247
4204
4248
4205
4249
4206
4250
4207
4251
4208
4252
4209
4253
4210
4254
4211
4255
4212
4256
4257
4214
4258
6118
4215
4259
4216
4260
4217
4261
4218
4262
4219
4263
4220
4264
4221
4265
4222
4266
4223
4267
4224
4268
4225
4269
4226
4270
4227
4271
4228
4272
4229
4273
4230
4274
4231
4275
4232
4276
4233
4277
4234
4278
4235
4279
4236
4280
4237
4281
4238
4282
4239
4283
4240
4284
4241
4285
4242
4286
4243
4287
4244
4288
4245
4289
4246
4290
4247
4291
4248
4292
4249
4293
4250
4294
4251
4295
4252
4296
4253
4297
4254
4298
4255
4299
4256
4300
4257
4301
4302
4259
4303
6163
4260
4304
4261
4305
4262
4306
4263
4307
4264
4308
4265
4309
4266
4310
4267
4311
4268
4312
4269
4313
4270
4314
4271
4315
4272
4316
4273
4317
4274
4318
4275
4319
4276
4320
4277
4321
4278
4322
4279
4323
4280
4324
4281
4325
4282
4326
4283
4327
4284
4328
4285
4329
4286
4330
4287
4331
4288
4332
4289
4333
4290
4334
4291
4335
4292
4336
4293
4337
4294
4338
4295
4339
4296
4340
4297
4341
4298
4342
4299
4343
4300
4344
4301
4345
4302
4346
4347
4304
4348
6208
4305
4349
4306
4350
4307
4351
4308
4352
4309
4353
4310
4354
4311
4355
4312
4356
4313
4357
4314
4358
4315
4359
4316
4360
4317
4361
4318
4362
4319
4363
4320
4364
4321
4365
4322
4366
4323
4367
4324
4368
4325
4369
4326
4370
4327
4371
4328
4372
4329
4373
4330
4374
4331
4375
4332
4376
4333
4377
4334
4378
4335
4379
4336
4380
4337
4381
4338
4382
4339
4383
4340
4384
4341
4385
4342
4386
4343
4387
4344
4388
4345
4389
4346
4390
4347
4391
4392
4349
4393
6253
4350
4394
4351
4395
4352
4396
4353
4397
4354
4398
4355
4399
4356
4400
4357
4401
4358
4402
4359
4403
4360
4404
4361
4405
4362
4406
4363
4407
4364
4408
4365
4409
4366
4410
4367
4411
4368
4412
4369
4413
4370
4414
4371
4415
4372
4416
4373
4417
4374
4418
4375
4419
4376
4420
4377
4421
4378
4422
4379
4423
4380
4424
4381
4425
4382
4426
4383
4427
4384
4428
4385
4429
4386
4430
4387
4431
4388
4432
4389
4433
4390
4434
4391
4435
4392
4436
4437
4394
4438
6298
4395
4439
4396
4440
4397
4441
4398
4442
4399
4443
4400
4444
4401
4445
4402
4446
4403
4447
4404
4448
4405
4449
4406
4450
4407
4451
4408
4452
4409
4453
4410
4454
4411
4455
4412
4456
4413
4457
4414
4458
4415
4459
4416
4460
4417
4461
4418
4462
4419
4463
4420
4464
4421
4465
4422
4466
4423
4467
4424
4468
4425
4469
4426
4470
4427
4471
4428
4472
4429
4473
4430
4474
4431
4475
4432
4476
4433
4477
4434
4478
4435
4479
4436
4480
4437
4481
4482
4439
4483
6343
4440
4484
4441
4485
4442
4486
4443
4487
4444
4488
4445
4489
4446
4490
4447
4491
4448
4492
4449
4493
4450
4494
4451
4495
4452
4496
4453
4497
4454
4498
4455
4499
4456
4500
4457
4501
4458
4502
4459
4503
4460
4504
4461
4505
4462
4506
4463
4507
4464
4508
4465
4509
4466
4510
4467
4511
4468
4512
4469
4513
4470
4514
4471
4515
4472
4516
4473
4517
4474
4518
4475
4519
4476
4520
4477
4521
4478
4522
4479
4523
4480
4524
4481
4525
4482
4526
4527
4484
4528
6388
4485
4529
4486
4530
4487
4531
4488
4532
4489
4533
4490
4534
4491
4535
4492
4536
4493
4537
4494
4538
4495
4539
4496
4540
4497
4541
4498
4542
4499
4543
4500
4544
4501
4545
4502
4546
4503
4547
4504
4548
4505
4549
4506
4550
4507
4551
4508
4552
4509
4553
4510
4554
4511
4555
4512
4556
4513
4557
4514
4558
4515
4559
4516
4560
4517
4561
4518
4562
4519
4563
4520
4564
4521
4565
4522
4566
4523
4567
4524
4568
4525
4569
4526
4570
4527
4571
4572
4529
4573
6433
4530
4574
4531
4575
4532
4576
4533
4577
4534
4578
4535
4579
4536
4580
4537
4581
4538
4582
4539
4583
4540
4584
4541
4585
4542
4586
4543
4587
4544
4588
4545
4589
4546
4590
4547
4591
4548
4592
4549
4593
4550
4594
4551
4595
4552
4596
4553
4597
4554
4598
4555
4599
4556
4600
4557
4601
4558
4602
4559
4603
4560
4604
4561
4605
4562
4606
4563
4607
4564
4608
4565
4609
4566
4610
4567
4611
4568
4612
4569
4613
4570
4614
4571
4615
4572
4616
4617
4574
4618
6478
4575
4619
4576
4620
4577
4621
4578
4622
4579
4623
4580
4624
4581
4625
4582
4626
4583
4627
4584
4628
4585
4629
4586
4630
4587
4631
4588
4632
4589
4633
4590
4634
4591
4635
4592
4636
4593
4637
4594
4638
4595
4639
4596
4640
4597
4641
4598
4642
4599
4643
4600
4644
4601
4645
4602
4646
4603
4647
4604
4648
4605
4649
4606
4650
4607
4651
4608
4652
4609
4653
4610
4654
4611
4655
4612
4656
4613
4657
4614
4658
4615
4659
4616
4660
4617
4661
4662
4619
4663
6523
4620
4664
4621
4665
4622
4666
4623
4667
4624
4668
4625
4669
4626
4670
4627
4671
4628
4672
4629
4673
4630
4674
4631
4675
4632
4676
4633
4677
4634
4678
4635
4679
4636
4680
4637
4681
4638
4682
4639
4683
4640
4684
4641
4685
4642
4686
4643
4687
4644
4688
4645
4689
4646
4690
4647
4691
4648
4692
4649
4693
4650
4694
4651
4695
4652
4696
4653
4697
4654
4698
4655
4699
4656
4700
4657
4701
4658
4702
4659
4703
4660
4704
4661
4705
4662
4706
4707
4664
4708
6568
4665
4709
4666
4710
4667
4711
4668
4712
4669
4713
4670
4714
4671
4715
4672
4716
4673
4717
4674
4718
4675
4719
4676
4720
4677
4721
4678
4722
4679
4723
4680
4724
4681
4725
4682
4726
4683
4727
4684
4728
4685
4729
4686
4730
4687
4731
4688
4732
4689
4733
4690
4734
4691
4735
4692
4736
4693
4737
4694
4738
4695
4739
4696
4740
4697
4741
4698
4742
4699
4743
4700
4744
4701
4745
4702
4746
4703
4747
4704
4748
4705
4749
4706
4750
4707
4751
4752
4709
4753
6613
4710
4754
4711
4755
4712
4756
4713
4757
4714
4758
4715
4759
4716
4760
4717
4761
4718
4762
4719
4763
4720
4764
4721
4765
4722
4766
4723
4767
4724
4768
4725
4769
4726
4770
4727
4771
4728
4772
4729
4773
4730
4774
4731
4775
4732
4776
4733
4777
4734
4778
4735
4779
4736
4780
4737
4781
4738
4782
4739
4783
4740
4784
4741
4785
4742
4786
4743
4787
4744
4788
4745
4789
4746
4790
4747
4791
4748
4792
4749
4793
4750
4794
4751
4795
4752
4796
4797
4754
4798
6658
4755
4799
4756
4800
4757
4801
4758
4802
4759
4803
4760
4804
4761
4805
4762
4806
4763
4807
4764
4808
4765
4809
4766
4810
4767
4811
4768
4812
4769
4813
4770
4814
4771
4815
4772
4816
4773
4817
4774
4818
4775
4819
4776
4820
4777
4821
4778
4822
4779
4823
4780
4824
4781
4825
4782
4826
4783
4827
4784
4828
4785
4829
4786
4830
4787
4831
4788
4832
4789
4833
4790
4834
4791
4835
4792
4836
4793
4837
4794
4838
4795
4839
4796
4840
4797
4841
4842
4799
4843
6703
4800
4844
4801
4845
4802
4846
4803
4847
4804
4848
4805
4849
4806
4850
4807
4851
4808
4852
4809
4853
4810
4854
4811
4855
4812
4856
4813
4857
4814
4858
4815
4859
4816
4860
4817
4861
4818
4862
4819
4863
4820
4864
4821
4865
4822
4866
4823
4867
4824
4868
4825
4869
4826
4870
4827
4871
4828
4872
4829
4873
4830
4874
4831
4875
4832
4876
4833
4877
4834
4878
4835
4879
4836
4880
4837
4881
4838
4882
4839
4883
4840
4884
4841
4885
4842
4886
4887
4844
4888
6748
4845
4889
4846
4890
4847
4891
4848
4892
4849
4893
4850
4894
4851
4895
4852
4896
4853
4897
4854
4898
4855
4899
4856
4900
4857
4901
4858
4902
4859
4903
4860
4904
4861
4905
4862
4906
4863
4907
4864
4908
4865
4909
4866
4910
4867
4911
4868
4912
4869
4913
4870
4914
4871
4915
4872
4916
4873
4917
4874
4918
4875
4919
4876
4920
4877
4921
4878
4922
4879
4923
4880
4924
4881
4925
4882
4926
4883
4927
4884
4928
4885
4929
4886
4930
4887
4931
4932
4889
4933
6793
4890
4934
4891
4935
4892
4936
4893
4937
4894
4938
4895
4939
4896
4940
4897
4941
4898
4942
4899
4943
4900
4944
4901
4945
4902
4946
4903
4947
4904
4948
4905
4949
4906
4950
4907
4951
4908
4952
4909
4953
4910
4954
4911
4955
4912
4956
4913
4957
4914
4958
4915
4959
4916
4960
4917
4961
4918
4962
4919
4963
4920
4964
4921
4965
4922
4966
4923
4967
4924
4968
4925
4969
4926
4970
4927
4971
4928
4972
4929
4973
4930
4974
4931
4975
4932
4976
4977
4934
4978
6838
4935
4979
4936
4980
4937
4981
4938
4982
4939
4983
4940
4984
4941
4985
4942
4986
4943
4987
4944
4988
4945
4989
4946
4990
4947
4991
4948
4992
4949
4993
4950
4994
4951
4995
4952
4996
4953
4997
4954
4998
4955
4999
4956
5000
4957
5001
4958
5002
4959
5003
4960
5004
4961
5005
4962
5006
4963
5007
4964
5008
4965
5009
4966
5010
4967
5011
4968
5012
4969
5013
4970
5014
4971
5015
4972
5016
4973
5017
4974
5018
4975
5019
4976
5020
4977
5021
5022
4979
6883
4980
4981
4982
4983
4984
4985
4986
4987
4988
4989
4990
4991
4992
4993
4994
4995
4996
4997
4998
4999
5000
5001
5002
5003
5004
5005
5006
5007
5008
5009
5010
5011
5012
5013
5014
5015
5016
5017
5018
5019
5020
5021
5022
5024
5032
5322
5025
5033
5323
5026
5034
5324
5027
5035
5325
5028
5036
5326
5029
5037
5327
5030
5038
5328
5031
5039
5329
5040
5330
5033
5041
5034
5042
5035
5043
5036
5044
5037
5045
5038
5046
5039
5047
5040
5048
5049
5042
5050
5043
5051
5044
5052
5045
5053
5046
5054
5047
5055
5048
5056
5049
5057
5058
5051
5059
5052
5060
5053
5061
5054
5062
5055
5063
5056
5064
5057
5065
5058
5066
5067
5060
5068
5061
5069
5062
5070
5063
5071
5064
5072
5065
5073
5066
5074
5067
5075
5076
5069
5077
5070
5078
5071
5079
5072
5080
5073
5081
5074
5082
5075
5083
5076
5084
5085
5078
5087
5079
5088
5080
5089
5081
5090
5082
5091
5083
5092
5084
5093
5085
5094
5095
5087
5096
5088
5097
5089
5098
5090
5099
5091
5100
5092
5101
5093
5102
5094
5103
5095
5104
5105
5097
5106
5098
5107
5099
5108
5100
5109
5101
5110
5102
5111
5103
5112
5104
5113
5105
5114
5115
5107
5116
5108
5117
5109
5118
5110
5119
5111
5120
5112
5121
5113
5122
5114
5123
5115
5124
5125
5117
5127
5118
5128
5119
5129
5120
5130
5121
5131
5122
5132
5123
5133
5124
5134
5125
5135
5136
5127
5137
5128
5138
5129
5139
5130
5140
5131
5141
5132
5142
5133
5143
5134
5144
5135
5145
5136
5146
5147
5138
5148
5139
5149
5140
5150
5141
5151
5142
5152
5143
5153
5144
5154
5145
5155
5146
5156
5147
5157
5158
5149
5159
5150
5160
5151
5161
5152
5162
5153
5163
5154
5164
5155
5165
5156
5166
5157
5167
5158
5168
5169
5160
5170
5161
5171
5162
5172
5163
5173
5164
5174
5165
5175
5166
5176
5167
5177
5168
5178
5169
5179
5180
5171
5181
5172
5182
5173
5183
5174
5184
5175
5185
5176
5186
5177
5187
5178
5188
5179
5189
5180
5190
5191
5182
5192
5183
5193
5184
5194
5185
5195
5186
5196
5187
5197
5188
5198
5189
5199
5190
5200
5191
5201
5202
5193
5194
5195
5196
5197
5198
5199
5200
5201
5202
5204
5213
5331
5205
5214
5332
5206
5215
5333
5207
5216
5334
5208
5217
5335
5209
5218
5336
5210
5219
5337
5211
5220
5338
5212
5221
5339
5222
5340
5214
5215
5223
5216
5224
5217
5225
5218
5226
5219
5227
5220
5228
5221
5229
5222
5230
5231
5224
5232
5225
5233
5226
5234
5227
5235
5228
5236
5229
5237
5230
5238
5231
5239
5240
5233
5241
5234
5242
5235
5243
5236
5244
5237
5245
5238
5246
5239
5247
5240
5248
5249
5242
5250
5243
5251
5244
5252
5245
5253
5246
5254
5247
5255
5248
5256
5249
5257
5258
5251
5259
5252
5260
5253
5261
5254
5262
5255
5263
5256
5264
5257
5265
5258
5266
5267
5260
5268
5261
5269
5262
5270
5263
5271
5264
5272
5265
5273
5266
5274
5267
5275
5276
5269
5277
5270
5278
5271
5279
5272
5280
5273
5281
5274
5282
5275
5283
5276
5284
5285
5278
5286
5279
5287
5280
5288
5281
5289
5282
5290
5283
5291
5284
5292
5285
5293
5294
5287
5295
5288
5296
5289
5297
5290
5298
5291
5299
5292
5300
5293
5301
5294
5302
5303
5296
5304
5297
5305
5298
5306
5299
5307
5300
5308
5301
5309
5302
5310
5303
5311
5312
5305
5313
5306
5314
5307
5315
5308
5316
5309
5317
5310
5318
5311
5319
5312
5320
5321
5314
5322
5315
5323
5316
5324
5317
5325
5318
5326
5319
5327
5320
5328
5321
5329
5330
5323
5324
5325
5326
5327
5328
5329
5330
5332
5341
5333
5342
5334
5343
5335
5344
5336
5345
5337
5346
5338
5347
5339
5348
5340
5349
5350
5342
5351
5343
5352
5344
5353
5345
5354
5346
5355
5347
5356
5348
5357
5349
5358
5350
5359
5360
5352
5361
5353
5362
5354
5363
5355
5364
5356
5365
5357
5366
5358
5367
5359
5368
5360
5369
5370
5362
5371
5363
5372
5364
5373
5365
5374
5366
5375
5367
5376
5368
5377
5369
5378
5370
5379
5380
5372
5382
5373
5383
5374
5384
5375
5385
5376
5386
5377
5387
5378
5388
5379
5389
5380
5390
5391
5382
5392
5383
5393
5384
5394
5385
5395
5386
5396
5387
5397
5388
5398
5389
5399
5390
5400
5391
5401
5402
5393
5403
5394
5404
5395
5405
5396
5406
5397
5407
5398
5408
5399
5409
5400
5410
5401
5411
5402
5412
5413
5404
5415
5405
5416
5406
5417
5407
5418
5408
5419
5409
5420
5410
5421
5411
5422
5412
5423
5413
5424
5425
5415
5427
5416
5428
5417
5429
5418
5430
5419
5431
5420
5432
5421
5433
5422
5434
5423
5435
5424
5436
5425
5437
5438
5427
5440
5428
5441
5429
5442
5430
5443
5431
5444
5432
5445
5433
5446
5434
5447
5435
5448
5436
5449
5437
5450
5438
5451
5452
5440
5455
5441
5456
5442
5457
5443
5458
5444
5459
5445
5460
5446
5461
5447
5462
5448
5463
5449
5464
5450
5465
5451
5466
5452
5467
5468
5454
5472
5455
5473
5456
5474
5457
5475
5458
5476
5459
5477
5460
5478
5461
5479
5462
5480
5463
5481
5464
5482
5465
5483
5466
5484
5467
5485
5468
5486
5487
5470
5514
5471
5515
5472
5516
5473
5517
5474
5518
5475
5519
5476
5520
5477
5521
5478
5522
5479
5523
5480
5524
5481
5525
5482
5526
5483
5527
5484
5528
5485
5529
5486
5530
5487
5531
5532
5489
5533
5490
5534
5491
5535
5492
5536
5493
5537
5494
5538
5495
5539
5496
5540
5497
5541
5498
5542
5499
5543
5500
5544
5501
5545
5502
5546
5503
5547
5504
5548
5505
5549
5506
5550
5507
5551
5508
5552
5509
5553
5510
5554
5511
5555
5512
5556
5513
5557
5514
5558
5515
5559
5516
5560
5517
5561
5518
5562
5519
5563
5520
5564
5521
5565
5522
5566
5523
5567
5524
5568
5525
5569
5526
5570
5527
5571
5528
5572
5529
5573
5530
5574
5531
5575
5532
5576
5577
5534
5578
5535
5579
5536
5580
5537
5581
5538
5582
5539
5583
5540
5584
5541
5585
5542
5586
5543
5587
5544
5588
5545
5589
5546
5590
5547
5591
5548
5592
5549
5593
5550
5594
5551
5595
5552
5596
5553
5597
5554
5598
5555
5599
5556
5600
5557
5601
5558
5602
5559
5603
5560
5604
5561
5605
5562
5606
5563
5607
5564
5608
5565
5609
5566
5610
5567
5611
5568
5612
5569
5613
5570
5614
5571
5615
5572
5616
5573
5617
5574
5618
5575
5619
5576
5620
5577
5621
5622
5579
5623
5580
5624
5581
5625
5582
5626
5583
5627
5584
5628
5585
5629
5586
5630
5587
5631
5588
5632
5589
5633
5590
5634
5591
5635
5592
5636
5593
5637
5594
5638
5595
5639
5596
5640
5597
5641
5598
5642
5599
5643
5600
5644
5601
5645
5602
5646
5603
5647
5604
5648
5605
5649
5606
5650
5607
5651
5608
5652
5609
5653
5610
5654
5611
5655
5612
5656
5613
5657
5614
5658
5615
5659
5616
5660
5617
5661
5618
5662
5619
5663
5620
5664
5621
5665
5622
5666
5667
5624
5668
5625
5669
5626
5670
5627
5671
5628
5672
5629
5673
5630
5674
5631
5675
5632
5676
5633
5677
5634
5678
5635
5679
5636
5680
5637
5681
5638
5682
5639
5683
5640
5684
5641
5685
5642
5686
5643
5687
5644
5688
5645
5689
5646
5690
5647
5691
5648
5692
5649
5693
5650
5694
5651
5695
5652
5696
5653
5697
5654
5698
5655
5699
5656
5700
5657
5701
5658
5702
5659
5703
5660
5704
5661
5705
5662
5706
5663
5707
5664
5708
5665
5709
5666
5710
5667
5711
5712
5669
5713
5670
5714
5671
5715
5672
5716
5673
5717
5674
5718
5675
5719
5676
5720
5677
5721
5678
5722
5679
5723
5680
5724
5681
5725
5682
5726
5683
5727
5684
5728
5685
5729
5686
5730
5687
5731
5688
5732
5689
5733
5690
5734
5691
5735
5692
5736
5693
5737
5694
5738
5695
5739
5696
5740
5697
5741
5698
5742
5699
5743
5700
5744
5701
5745
5702
5746
5703
5747
5704
5748
5705
5749
5706
5750
5707
5751
5708
5752
5709
5753
5710
5754
5711
5755
5712
5756
5757
5714
5758
5715
5759
5716
5760
5717
5761
5718
5762
5719
5763
5720
5764
5721
5765
5722
5766
5723
5767
5724
5768
5725
5769
5726
5770
5727
5771
5728
5772
5729
5773
5730
5774
5731
5775
5732
5776
5733
5777
5734
5778
5735
5779
5736
5780
5737
5781
5738
5782
5739
5783
5740
5784
5741
5785
5742
5786
5743
5787
5744
5788
5745
5789
5746
5790
5747
5791
5748
5792
5749
5793
5750
5794
5751
5795
5752
5796
5753
5797
5754
5798
5755
5799
5756
5800
5757
5801
5802
5759
5803
5760
5804
5761
5805
5762
5806
5763
5807
5764
5808
5765
5809
5766
5810
5767
5811
5768
5812
5769
5813
5770
5814
5771
5815
5772
5816
5773
5817
5774
5818
5775
5819
5776
5820
5777
5821
5778
5822
5779
5823
5780
5824
5781
5825
5782
5826
5783
5827
5784
5828
5785
5829
5786
5830
5787
5831
5788
5832
5789
5833
5790
5834
5791
5835
5792
5836
5793
5837
5794
5838
5795
5839
5796
5840
5797
5841
5798
5842
5799
5843
5800
5844
5801
5845
5802
5846
5847
5804
5848
5805
5849
5806
5850
5807
5851
5808
5852
5809
5853
5810
5854
5811
5855
5812
5856
5813
5857
5814
5858
5815
5859
5816
5860
5817
5861
5818
5862
5819
5863
5820
5864
5821
5865
5822
5866
5823
5867
5824
5868
5825
5869
5826
5870
5827
5871
5828
5872
5829
5873
5830
5874
5831
5875
5832
5876
5833
5877
5834
5878
5835
5879
5836
5880
5837
5881
5838
5882
5839
5883
5840
5884
5841
5885
5842
5886
5843
5887
5844
5888
5845
5889
5846
5890
5847
5891
5892
5849
5893
5850
5894
5851
5895
5852
5896
5853
5897
5854
5898
5855
5899
5856
5900
5857
5901
5858
5902
5859
5903
5860
5904
5861
5905
5862
5906
5863
5907
5864
5908
5865
5909
5866
5910
5867
5911
5868
5912
5869
5913
5870
5914
5871
5915
5872
5916
5873
5917
5874
5918
5875
5919
5876
5920
5877
5921
5878
5922
5879
5923
5880
5924
5881
5925
5882
5926
5883
5927
5884
5928
5885
5929
5886
5930
5887
5931
5888
5932
5889
5933
5890
5934
5891
5935
5892
5936
5937
5894
5938
5895
5939
5896
5940
5897
5941
5898
5942
5899
5943
5900
5944
5901
5945
5902
5946
5903
5947
5904
5948
5905
5949
5906
5950
5907
5951
5908
5952
5909
5953
5910
5954
5911
5955
5912
5956
5913
5957
5914
5958
5915
5959
5916
5960
5917
5961
5918
5962
5919
5963
5920
5964
5921
5965
5922
5966
5923
5967
5924
5968
5925
5969
5926
5970
5927
5971
5928
5972
5929
5973
5930
5974
5931
5975
5932
5976
5933
5977
5934
5978
5935
5979
5936
5980
5937
5981
5982
5939
5983
5940
5984
5941
5985
5942
5986
5943
5987
5944
5988
5945
5989
5946
5990
5947
5991
5948
5992
5949
5993
5950
5994
5951
5995
5952
5996
5953
5997
5954
5998
5955
5999
5956
6000
5957
6001
5958
6002
5959
6003
5960
6004
5961
6005
5962
6006
5963
6007
5964
6008
5965
6009
5966
6010
5967
6011
5968
6012
5969
6013
5970
6014
5971
6015
5972
6016
5973
6017
5974
6018
5975
6019
5976
6020
5977
6021
5978
6022
5979
6023
5980
6024
5981
6025
5982
6026
6027
5984
6028
5985
6029
5986
6030
5987
6031
5988
6032
5989
6033
5990
6034
5991
6035
5992
6036
5993
6037
5994
6038
5995
6039
5996
6040
5997
6041
5998
6042
5999
6043
6000
6044
6001
6045
6002
6046
6003
6047
6004
6048
6005
6049
6006
6050
6007
6051
6008
6052
6009
6053
6010
6054
6011
6055
6012
6056
6013
6057
6014
6058
6015
6059
6016
6060
6017
6061
6018
6062
6019
6063
6020
6064
6021
6065
6022
6066
6023
6067
6024
6068
6025
6069
6026
6070
6027
6071
6072
6029
6073
6030
6074
6031
6075
6032
6076
6033
6077
6034
6078
6035
6079
6036
6080
6037
6081
6038
6082
6039
6083
6040
6084
6041
6085
6042
6086
6043
6087
6044
6088
6045
6089
6046
6090
6047
6091
6048
6092
6049
6093
6050
6094
6051
6095
6052
6096
6053
6097
6054
6098
6055
6099
6056
6100
6057
6101
6058
6102
6059
6103
6060
6104
6061
6105
6062
6106
6063
6107
6064
6108
6065
6109
6066
6110
6067
6111
6068
6112
6069
6113
6070
6114
6071
6115
6072
6116
6117
6074
6118
6075
6119
6076
6120
6077
6121
6078
6122
6079
6123
6080
6124
6081
6125
6082
6126
6083
6127
6084
6128
6085
6129
6086
6130
6087
6131
6088
6132
6089
6133
6090
6134
6091
6135
6092
6136
6093
6137
6094
6138
6095
6139
6096
6140
6097
6141
6098
6142
6099
6143
6100
6144
6101
6145
6102
6146
6103
6147
6104
6148
6105
6149
6106
6150
6107
6151
6108
6152
6109
6153
6110
6154
6111
6155
6112
6156
6113
6157
6114
6158
6115
6159
6116
6160
6117
6161
6162
6119
6163
6120
6164
6121
6165
6122
6166
6123
6167
6124
6168
6125
6169
6126
6170
6127
6171
6128
6172
6129
6173
6130
6174
6131
6175
6132
6176
6133
6177
6134
6178
6135
6179
6136
6180
6137
6181
6138
6182
6139
6183
6140
6184
6141
6185
6142
6186
6143
6187
6144
6188
6145
6189
6146
6190
6147
6191
6148
6192
6149
6193
6150
6194
6151
6195
6152
6196
6153
6197
6154
6198
6155
6199
6156
6200
6157
6201
6158
6202
6159
6203
6160
6204
6161
6205
6162
6206
6207
6164
6208
6165
6209
6166
6210
6167
6211
6168
6212
6169
6213
6170
6214
6171
6215
6172
6216
6173
6217
6174
6218
6175
6219
6176
6220
6177
6221
6178
6222
6179
6223
6180
6224
6181
6225
6182
6226
6183
6227
6184
6228
6185
6229
6186
6230
6187
6231
6188
6232
6189
6233
6190
6234
6191
6235
6192
6236
6193
6237
6194
6238
6195
6239
6196
6240
6197
6241
6198
6242
6199
6243
6200
6244
6201
6245
6202
6246
6203
6247
6204
6248
6205
6249
6206
6250
6207
6251
6252
6209
6253
6210
6254
6211
6255
6212
6256
6213
6257
6214
6258
6215
6259
6216
6260
6217
6261
6218
6262
6219
6263
6220
6264
6221
6265
6222
6266
6223
6267
6224
6268
6225
6269
6226
6270
6227
6271
6228
6272
6229
6273
6230
6274
6231
6275
6232
6276
6233
6277
6234
6278
6235
6279
6236
6280
6237
6281
6238
6282
6239
6283
6240
6284
6241
6285
6242
6286
6243
6287
6244
6288
6245
6289
6246
6290
6247
6291
6248
6292
6249
6293
6250
6294
6251
6295
6252
6296
6297
6254
6298
6255
6299
6256
6300
6257
6301
6258
6302
6259
6303
6260
6304
6261
6305
6262
6306
6263
6307
6264
6308
6265
6309
6266
6310
6267
6311
6268
6312
6269
6313
6270
6314
6271
6315
6272
6316
6273
6317
6274
6318
6275
6319
6276
6320
6277
6321
6278
6322
6279
6323
6280
6324
6281
6325
6282
6326
6283
6327
6284
6328
6285
6329
6286
6330
6287
6331
6288
6332
6289
6333
6290
6334
6291
6335
6292
6336
6293
6337
6294
6338
6295
6339
6296
6340
6297
6341
6342
6299
6343
6300
6344
6301
6345
6302
6346
6303
6347
6304
6348
6305
6349
6306
6350
6307
6351
6308
6352
6309
6353
6310
6354
6311
6355
6312
6356
6313
6357
6314
6358
6315
6359
6316
6360
6317
6361
6318
6362
6319
6363
6320
6364
6321
6365
6322
6366
6323
6367
6324
6368
6325
6369
6326
6370
6327
6371
6328
6372
6329
6373
6330
6374
6331
6375
6332
6376
6333
6377
6334
6378
6335
6379
6336
6380
6337
6381
6338
6382
6339
6383
6340
6384
6341
6385
6342
6386
6387
6344
6388
6345
6389
6346
6390
6347
6391
6348
6392
6349
6393
6350
6394
6351
6395
6352
6396
6353
6397
6354
6398
6355
6399
6356
6400
6357
6401
6358
6402
6359
6403
6360
6404
6361
6405
6362
6406
6363
6407
6364
6408
6365
6409
6366
6410
6367
6411
6368
6412
6369
6413
6370
6414
6371
6415
6372
6416
6373
6417
6374
6418
6375
6419
6376
6420
6377
6421
6378
6422
6379
6423
6380
6424
6381
6425
6382
6426
6383
6427
6384
6428
6385
6429
6386
6430
6387
6431
6432
6389
6433
6390
6434
6391
6435
6392
6436
6393
6437
6394
6438
6395
6439
6396
6440
6397
6441
6398
6442
6399
6443
6400
6444
6401
6445
6402
6446
6403
6447
6404
6448
6405
6449
6406
6450
6407
6451
6408
6452
6409
6453
6410
6454
6411
6455
6412
6456
6413
6457
6414
6458
6415
6459
6416
6460
6417
6461
6418
6462
6419
6463
6420
6464
6421
6465
6422
6466
6423
6467
6424
6468
6425
6469
6426
6470
6427
6471
6428
6472
6429
6473
6430
6474
6431
6475
6432
6476
6477
6434
6478
6435
6479
6436
6480
6437
6481
6438
6482
6439
6483
6440
6484
6441
6485
6442
6486
6443
6487
6444
6488
6445
6489
6446
6490
6447
6491
6448
6492
6449
6493
6450
6494
6451
6495
6452
6496
6453
6497
6454
6498
6455
6499
6456
6500
6457
6501
6458
6502
6459
6503
6460
6504
6461
6505
6462
6506
6463
6507
6464
6508
6465
6509
6466
6510
6467
6511
6468
6512
6469
6513
6470
6514
6471
6515
6472
6516
6473
6517
6474
6518
6475
6519
6476
6520
6477
6521
6522
6479
6523
6480
6524
6481
6525
6482
6526
6483
6527
6484
6528
6485
6529
6486
6530
6487
6531
6488
6532
6489
6533
6490
6534
6491
6535
6492
6536
6493
6537
6494
6538
6495
6539
6496
6540
6497
6541
6498
6542
6499
6543
6500
6544
6501
6545
6502
6546
6503
6547
6504
6548
6505
6549
6506
6550
6507
6551
6508
6552
6509
6553
6510
6554
6511
6555
6512
6556
6513
6557
6514
6558
6515
6559
6516
6560
6517
6561
6518
6562
6519
6563
6520
6564
6521
6565
6522
6566
6567
6524
6568
6525
6569
6526
6570
6527
6571
6528
6572
6529
6573
6530
6574
6531
6575
6532
6576
6533
6577
6534
6578
6535
6579
6536
6580
6537
6581
6538
6582
6539
6583
6540
6584
6541
6585
6542
6586
6543
6587
6544
6588
6545
6589
6546
6590
6547
6591
6548
6592
6549
6593
6550
6594
6551
6595
6552
6596
6553
6597
6554
6598
6555
6599
6556
6600
6557
6601
6558
6602
6559
6603
6560
6604
6561
6605
6562
6606
6563
6607
6564
6608
6565
6609
6566
6610
6567
6611
6612
6569
6613
6570
6614
6571
6615
6572
6616
6573
6617
6574
6618
6575
6619
6576
6620
6577
6621
6578
6622
6579
6623
6580
6624
6581
6625
6582
6626
6583
6627
6584
6628
6585
6629
6586
6630
6587
6631
6588
6632
6589
6633
6590
6634
6591
6635
6592
6636
6593
6637
6594
6638
6595
6639
6596
6640
6597
6641
6598
6642
6599
6643
6600
6644
6601
6645
6602
6646
6603
6647
6604
6648
6605
6649
6606
6650
6607
6651
6608
6652
6609
6653
6610
6654
6611
6655
6612
6656
6657
6614
6658
6615
6659
6616
6660
6617
6661
6618
6662
6619
6663
6620
6664
6621
6665
6622
6666
6623
6667
6624
6668
6625
6669
6626
6670
6627
6671
6628
6672
6629
6673
6630
6674
6631
6675
6632
6676
6633
6677
6634
6678
6635
6679
6636
6680
6637
6681
6638
6682
6639
6683
6640
6684
6641
6685
6642
6686
6643
6687
6644
6688
6645
6689
6646
6690
6647
6691
6648
6692
6649
6693
6650
6694
6651
6695
6652
6696
6653
6697
6654
6698
6655
6699
6656
6700
6657
6701
6702
6659
6703
6660
6704
6661
6705
6662
6706
6663
6707
6664
6708
6665
6709
6666
6710
6667
6711
6668
6712
6669
6713
6670
6714
6671
6715
6672
6716
6673
6717
6674
6718
6675
6719
6676
6720
6677
6721
6678
6722
6679
6723
6680
6724
6681
6725
6682
6726
6683
6727
6684
6728
6685
6729
6686
6730
6687
6731
6688
6732
6689
6733
6690
6734
6691
6735
6692
6736
6693
6737
6694
6738
6695
6739
6696
6740
6697
6741
6698
6742
6699
6743
6700
6744
6701
6745
6702
6746
6747
6704
6748
6705
6749
6706
6750
6707
6751
6708
6752
6709
6753
6710
6754
6711
6755
6712
6756
6713
6757
6714
6758
6715
6759
6716
6760
6717
6761
6718
6762
6719
6763
6720
6764
6721
6765
6722
6766
6723
6767
6724
6768
6725
6769
6726
6770
6727
6771
6728
6772
6729
6773
6730
6774
6731
6775
6732
6776
6733
6777
6734
6778
6735
6779
6736
6780
6737
6781
6738
6782
6739
6783
6740
6784
6741
6785
6742
6786
6743
6787
6744
6788
6745
6789
6746
6790
6747
6791
6792
6749
6793
6750
6794
6751
6795
6752
6796
6753
6797
6754
6798
6755
6799
6756
6800
6757
6801
6758
6802
6759
6803
6760
6804
6761
6805
6762
6806
6763
6807
6764
6808
6765
6809
6766
6810
6767
6811
6768
6812
6769
6813
6770
6814
6771
6815
6772
6816
6773
6817
6774
6818
6775
6819
6776
6820
6777
6821
6778
6822
6779
6823
6780
6824
6781
6825
6782
6826
6783
6827
6784
6828
6785
6829
6786
6830
6787
6831
6788
6832
6789
6833
6790
6834
6791
6835
6792
6836
6837
6794
6838
6795
6839
6796
6840
6797
6841
6798
6842
6799
6843
6800
6844
6801
6845
6802
6846
6803
6847
6804
6848
6805
6849
6806
6850
6807
6851
6808
6852
6809
6853
6810
6854
6811
6855
6812
6856
6813
6857
6814
6858
6815
6859
6816
6860
6817
6861
6818
6862
6819
6863
6820
6864
6821
6865
6822
6866
6823
6867
6824
6868
6825
6869
6826
6870
6827
6871
6828
6872
6829
6873
6830
6874
6831
6875
6832
6876
6833
6877
6834
6878
6835
6879
6836
6880
6837
6881
6882
6839
6883
6840
6884
6841
6885
6842
6886
6843
6887
6844
6888
6845
6889
6846
6890
6847
6891
6848
6892
6849
6893
6850
6894
6851
6895
6852
6896
6853
6897
6854
6898
6855
6899
6856
6900
6857
6901
6858
6902
6859
6903
6860
6904
6861
6905
6862
6906
6863
6907
6864
6908
6865
6909
6866
6910
6867
6911
6868
6912
6869
6913
6870
6914
6871
6915
6872
6916
6873
6917
6874
6918
6875
6919
6876
6920
6877
6921
6878
6922
6879
6923
6880
6924
6881
6925
6882
6926
6927
6884
6885
6886
6887
6888
6889
6890
6891
6892
6893
6894
6895
6896
6897
6898
6899
6900
6901
6902
6903
6904
6905
6906
6907
6908
6909
6910
6911
6912
6913
6914
6915
6916
6917
6918
6919
6920
6921
6922
6923
6924
6925
6926
6927
)


// ************************************************************************* //
